0.0000 5299.0000 5244.0000 5325.0000 5230.0000 5323.0000 5157.0000 5262.0000 5308.0000 0 us
0.2000 5346.0000 5405.0000 5304.0000 5380.0000 5582.0000 5519.0000 5468.0000 5347.0000 
0.4000 5486.0000 5416.0000 5302.0000 5356.0000 5599.0000 5450.0000 5479.0000 5507.0000 
0.6000 5402.0000 5542.0000 5386.0000 5327.0000 5390.0000 5222.0000 5546.0000 5406.0000 
0.8000 5543.0000 5556.0000 5308.0000 5329.0000 5300.0000 5500.0000 5539.0000 5420.0000 
1.0000 5451.0000 5308.0000 5338.0000 5486.0000 5394.0000 5377.0000 5437.0000 5511.0000 
1.2000 5451.0000 5372.0000 5284.0000 5419.0000 5410.0000 5335.0000 5579.0000 5474.0000 
1.4000 5636.0000 5338.0000 5352.0000 5305.0000 5385.0000 5358.0000 5490.0000 5427.0000 
1.6000 5468.0000 5570.0000 5189.0000 5431.0000 5462.0000 5390.0000 5591.0000 5527.0000 
1.8000 5433.0000 5492.0000 5426.0000 5264.0000 5612.0000 5435.0000 5545.0000 5494.0000 
2.0000 5591.0000 5520.0000 5229.0000 5329.0000 5395.0000 5473.0000 5631.0000 5537.0000 
2.2000 5542.0000 5302.0000 5349.0000 5331.0000 5595.0000 5368.0000 5615.0000 5312.0000 
2.4000 5582.0000 5367.0000 5219.0000 5368.0000 5475.0000 5374.0000 5508.0000 5391.0000 
2.6000 5461.0000 5397.0000 5302.0000 5233.0000 5420.0000 5415.0000 5531.0000 5505.0000 
2.8000 5470.0000 5387.0000 5460.0000 5299.0000 5574.0000 5402.0000 5572.0000 5521.0000 
3.0000 5336.0000 5383.0000 5315.0000 5254.0000 5403.0000 5328.0000 5535.0000 5515.0000 
3.2000 5464.0000 5379.0000 5389.0000 5344.0000 5452.0000 5456.0000 5644.0000 5462.0000 
3.4000 5504.0000 5509.0000 5303.0000 5336.0000 5624.0000 5430.0000 5542.0000 5517.0000 
3.6000 5544.0000 5374.0000 5314.0000 5327.0000 5550.0000 5295.0000 5558.0000 5611.0000 
3.8000 5534.0000 5358.0000 5426.0000 5341.0000 5388.0000 5287.0000 5571.0000 5454.0000 
4.0000 5529.0000 5427.0000 5393.0000 5262.0000 5439.0000 5525.0000 5494.0000 5452.0000 
4.2000 5478.0000 5424.0000 5383.0000 5242.0000 5541.0000 5305.0000 5515.0000 5516.0000 
4.4000 5496.0000 5494.0000 5441.0000 5407.0000 5481.0000 5321.0000 5613.0000 5383.0000 
4.6000 5536.0000 5519.0000 5254.0000 5388.0000 5381.0000 5243.0000 5425.0000 5578.0000 
4.8000 5539.0000 5357.0000 5418.0000 5388.0000 5371.0000 5498.0000 5678.0000 5598.0000 
5.0000 5621.0000 5399.0000 5510.0000 5388.0000 5462.0000 5316.0000 5502.0000 5314.0000 
5.2000 5501.0000 5340.0000 5323.0000 5352.0000 5508.0000 5344.0000 5529.0000 5385.0000 
5.4000 5528.0000 5426.0000 5261.0000 5402.0000 5621.0000 5390.0000 5558.0000 5258.0000 
5.6000 5471.0000 5419.0000 5310.0000 5251.0000 5301.0000 5342.0000 5430.0000 5476.0000 
5.8000 5583.0000 5473.0000 5318.0000 5357.0000 5351.0000 5389.0000 5640.0000 5456.0000 
6.0000 5495.0000 5370.0000 5363.0000 5406.0000 5587.0000 5505.0000 5542.0000 5458.0000 
6.2000 5296.0000 5356.0000 5350.0000 5325.0000 5383.0000 5388.0000 5479.0000 5342.0000 
6.4000 5563.0000 5443.0000 5448.0000 5183.0000 5380.0000 5462.0000 5560.0000 5383.0000 
6.6000 5375.0000 5457.0000 5337.0000 5268.0000 5382.0000 5400.0000 5383.0000 5311.0000 
6.8000 5409.0000 5381.0000 5314.0000 5355.0000 5521.0000 5250.0000 5406.0000 5518.0000 
7.0000 5484.0000 5342.0000 5361.0000 5297.0000 5465.0000 5406.0000 5437.0000 5425.0000 
7.2000 5585.0000 5275.0000 5517.0000 5341.0000 5356.0000 5480.0000 5517.0000 5459.0000 
7.4000 5498.0000 5475.0000 5304.0000 5429.0000 5408.0000 5326.0000 5562.0000 5326.0000 
7.6000 5500.0000 5443.0000 5409.0000 5393.0000 5584.0000 5353.0000 5528.0000 5274.0000 
7.8000 5558.0000 5457.0000 5474.0000 5422.0000 5446.0000 5345.0000 5574.0000 5228.0000 
8.0000 5552.0000 5474.0000 5411.0000 5282.0000 5488.0000 5398.0000 5645.0000 5394.0000 
8.2000 5582.0000 5467.0000 5395.0000 5297.0000 5376.0000 5332.0000 5519.0000 5351.0000 
8.4000 5579.0000 5464.0000 5237.0000 5531.0000 5260.0000 5372.0000 5574.0000 5345.0000 
8.6000 5632.0000 5455.0000 5437.0000 5277.0000 5412.0000 5340.0000 5444.0000 5392.0000 
8.8000 5551.0000 5434.0000 5305.0000 5499.0000 5380.0000 5602.0000 5532.0000 5421.0000 
9.0000 5489.0000 5444.0000 5270.0000 5233.0000 5374.0000 5314.0000 5563.0000 5465.0000 
9.2000 5319.0000 5392.0000 5383.0000 5270.0000 5279.0000 5350.0000 5371.0000 5453.0000 
9.4000 5608.0000 5517.0000 5404.0000 5368.0000 5310.0000 5327.0000 5419.0000 5395.0000 
9.6000 5316.0000 5308.0000 5302.0000 5222.0000 5500.0000 5349.0000 5579.0000 5618.0000 
9.8000 5593.0000 5448.0000 5373.0000 5305.0000 5503.0000 5342.0000 5581.0000 5581.0000 
10.0000 5463.0000 5453.0000 5292.0000 5319.0000 5380.0000 5393.0000 5383.0000 5383.0000 
10.2000 5387.0000 5539.0000 5325.0000 5300.0000 5442.0000 5402.0000 5508.0000 5391.0000 
10.4000 5416.0000 5530.0000 5212.0000 5305.0000 5440.0000 5366.0000 5566.0000 5444.0000 
10.6000 5509.0000 5405.0000 5233.0000 5282.0000 5380.0000 5281.0000 5581.0000 5495.0000 
10.8000 5474.0000 5501.0000 5284.0000 5377.0000 5416.0000 5455.0000 5513.0000 5526.0000 
11.0000 5519.0000 5533.0000 5487.0000 5327.0000 5448.0000 5521.0000 5571.0000 5417.0000 
11.2000 5590.0000 5506.0000 5231.0000 5207.0000 5453.0000 5577.0000 5564.0000 5527.0000 
11.4000 5509.0000 5547.0000 5318.0000 5390.0000 5354.0000 5445.0000 5496.0000 5459.0000 
11.6000 5459.0000 5393.0000 5403.0000 5374.0000 5351.0000 5372.0000 5595.0000 5420.0000 
11.8000 5542.0000 5545.0000 5231.0000 5232.0000 5354.0000 5212.0000 5567.0000 5457.0000 
12.0000 5636.0000 5479.0000 5392.0000 5372.0000 5532.0000 5358.0000 5567.0000 5510.0000 
12.2000 5456.0000 5449.0000 5260.0000 5313.0000 5471.0000 5363.0000 5457.0000 5267.0000 
12.4000 5455.0000 5480.0000 5312.0000 5229.0000 5383.0000 5401.0000 5544.0000 5364.0000 
12.6000 5487.0000 5424.0000 5330.0000 5313.0000 5299.0000 5290.0000 5476.0000 5477.0000 
12.8000 5673.0000 5526.0000 5410.0000 5233.0000 5392.0000 5328.0000 5568.0000 5492.0000 
13.0000 5647.0000 5498.0000 5262.0000 5334.0000 5468.0000 5439.0000 5450.0000 5214.0000 
13.2000 5501.0000 5338.0000 5255.0000 5325.0000 5471.0000 5389.0000 5463.0000 5469.0000 
13.4000 5448.0000 5574.0000 5297.0000 5415.0000 5488.0000 5348.0000 5429.0000 5541.0000 
13.6000 5530.0000 5515.0000 5334.0000 5287.0000 5385.0000 5340.0000 5534.0000 5434.0000 
13.8000 5467.0000 5396.0000 5295.0000 5339.0000 5521.0000 5410.0000 5503.0000 5460.0000 
14.0000 5473.0000 5277.0000 5384.0000 5571.0000 5557.0000 5509.0000 5341.0000 5441.0000 
14.2000 5307.0000 5305.0000 5248.0000 5361.0000 5395.0000 5443.0000 5509.0000 5431.0000 
14.4000 5423.0000 5364.0000 5403.0000 5354.0000 5329.0000 5431.0000 5442.0000 5377.0000 
14.6000 5512.0000 5413.0000 5288.0000 5269.0000 5318.0000 5466.0000 5497.0000 5538.0000 
14.8000 5689.0000 5382.0000 5341.0000 5225.0000 5384.0000 5456.0000 5553.0000 5446.0000 
15.0000 5610.0000 5230.0000 5421.0000 5397.0000 5275.0000 5324.0000 5429.0000 5432.0000 
15.2000 5689.0000 5276.0000 5356.0000 5273.0000 5528.0000 5404.0000 5526.0000 5361.0000 
15.4000 5439.0000 5319.0000 5412.0000 5431.0000 5480.0000 5339.0000 5601.0000 5428.0000 
15.6000 5404.0000 5492.0000 5474.0000 5443.0000 5342.0000 5358.0000 5533.0000 5512.0000 
15.8000 5561.0000 5452.0000 5281.0000 5346.0000 5387.0000 5183.0000 5543.0000 5417.0000 
16.0000 5529.0000 5416.0000 5392.0000 5306.0000 5325.0000 5348.0000 5515.0000 5421.0000 
16.2000 5686.0000 5474.0000 5404.0000 5278.0000 5421.0000 5296.0000 5477.0000 5372.0000 
16.4000 5433.0000 5415.0000 5345.0000 5165.0000 5348.0000 5320.0000 5565.0000 5474.0000 
16.6000 5388.0000 5328.0000 5326.0000 5229.0000 5580.0000 5438.0000 5406.0000 5523.0000 
16.8000 5553.0000 5579.0000 5354.0000 5380.0000 5488.0000 5440.0000 5522.0000 5513.0000 
17.0000 5531.0000 5397.0000 5217.0000 5310.0000 5235.0000 5397.0000 5451.0000 5427.0000 
17.2000 5380.0000 5526.0000 5257.0000 5446.0000 5512.0000 5325.0000 5658.0000 5428.0000 
17.4000 5411.0000 5516.0000 5427.0000 5339.0000 5497.0000 5406.0000 5443.0000 5490.0000 
17.6000 5538.0000 5445.0000 5338.0000 5420.0000 5444.0000 5316.0000 5566.0000 5271.0000 
17.8000 5443.0000 5326.0000 5520.0000 5308.0000 5469.0000 5447.0000 5388.0000 5271.0000 
18.0000 5450.0000 5451.0000 5411.0000 5251.0000 5432.0000 5299.0000 5639.0000 5589.0000 
18.2000 5499.0000 5416.0000 5288.0000 5446.0000 5377.0000 5433.0000 5650.0000 5514.0000 
18.4000 5493.0000 5531.0000 5284.0000 5342.0000 5488.0000 5468.0000 5545.0000 5438.0000 
18.6000 5526.0000 5525.0000 5231.0000 5266.0000 5473.0000 5293.0000 5407.0000 5526.0000 
18.8000 5591.0000 5363.0000 5375.0000 5437.0000 5378.0000 5236.0000 5537.0000 5528.0000 
19.0000 5450.0000 5418.0000 5246.0000 5357.0000 5305.0000 5355.0000 5549.0000 5455.0000 
19.2000 5440.0000 5568.0000 5399.0000 5260.0000 5387.0000 5348.0000 5521.0000 5487.0000 
19.4000 5596.0000 5395.0000 5286.0000 5280.0000 5588.0000 5521.0000 5467.0000 5394.0000 
19.6000 5398.0000 5375.0000 5348.0000 5298.0000 5457.0000 5314.0000 5490.0000 5399.0000 
19.8000 5376.0000 5518.0000 5437.0000 5362.0000 5449.0000 5413.0000 5657.0000 5418.0000 
20.0000 5545.0000 5457.0000 5387.0000 5304.0000 5450.0000 5331.0000 5520.0000 5666.0000 
20.2000 5713.0000 5372.0000 5256.0000 5353.0000 5462.0000 5359.0000 5703.0000 5420.0000 
20.4000 5597.0000 5196.0000 5415.0000 5343.0000 5453.0000 5381.0000 5631.0000 5437.0000 
20.6000 5748.0000 5372.0000 5454.0000 5417.0000 5431.0000 5289.0000 5505.0000 5279.0000 
20.8000 5525.0000 5421.0000 5357.0000 5400.0000 5301.0000 5293.0000 5543.0000 5379.0000 
21.0000 5478.0000 5468.0000 5484.0000 5441.0000 5493.0000 5393.0000 5488.0000 5415.0000 
21.2000 5537.0000 5517.0000 5390.0000 5237.0000 5474.0000 5358.0000 5328.0000 5542.0000 
21.4000 5479.0000 5349.0000 5366.0000 5251.0000 5319.0000 5374.0000 5461.0000 5354.0000 
21.6000 5570.0000 5507.0000 5539.0000 5237.0000 5366.0000 5416.0000 5313.0000 5422.0000 
21.8000 5473.0000 5504.0000 5402.0000 5362.0000 5309.0000 5488.0000 5536.0000 5429.0000 
22.0000 5556.0000 5318.0000 5268.0000 5538.0000 5422.0000 5408.0000 5542.0000 5515.0000 
22.2000 5590.0000 5484.0000 5530.0000 5226.0000 5287.0000 5278.0000 5387.0000 5227.0000 
22.4000 5508.0000 5402.0000 5386.0000 5338.0000 5368.0000 5427.0000 5529.0000 5422.0000 
22.6000 5522.0000 5455.0000 5373.0000 5325.0000 5456.0000 5245.0000 5397.0000 5464.0000 
22.8000 5363.0000 5392.0000 5325.0000 5240.0000 5351.0000 5482.0000 5649.0000 5543.0000 
23.0000 5540.0000 5473.0000 5395.0000 5301.0000 5308.0000 5449.0000 5455.0000 5348.0000 
23.2000 5499.0000 5541.0000 5370.0000 5284.0000 5362.0000 5440.0000 5607.0000 5535.0000 
23.4000 5588.0000 5406.0000 5301.0000 5351.0000 5423.0000 5603.0000 5454.0000 5445.0000 
23.6000 5696.0000 5445.0000 5247.0000 5143.0000 5482.0000 5457.0000 5545.0000 5570.0000 
23.8000 5500.0000 5464.0000 5493.0000 5291.0000 5480.0000 5493.0000 5490.0000 5328.0000 
24.0000 5442.0000 5509.0000 5388.0000 5269.0000 5451.0000 5519.0000 5429.0000 5354.0000 
24.2000 5531.0000 5460.0000 5333.0000 5320.0000 5556.0000 5412.0000 5626.0000 5410.0000 
24.4000 5489.0000 5356.0000 5442.0000 5339.0000 5568.0000 5317.0000 5493.0000 5381.0000 
24.6000 5433.0000 5510.0000 5377.0000 5135.0000 5373.0000 5418.0000 5533.0000 5329.0000 
24.8000 5463.0000 5440.0000 5420.0000 5359.0000 5500.0000 5424.0000 5350.0000 5648.0000 
25.0000 5637.0000 5509.0000 5415.0000 5359.0000 5522.0000 5461.0000 5535.0000 5469.0000 
25.2000 5518.0000 5455.0000 5432.0000 5251.0000 5472.0000 5441.0000 5541.0000 5398.0000 
25.4000 5479.0000 5548.0000 5482.0000 5360.0000 5449.0000 5410.0000 5337.0000 5596.0000 
25.6000 5521.0000 5402.0000 5236.0000 5434.0000 5418.0000 5480.0000 5386.0000 5360.0000 
25.8000 5501.0000 5542.0000 5466.0000 5345.0000 5290.0000 5340.0000 5469.0000 5347.0000 
26.0000 5431.0000 5345.0000 5365.0000 5386.0000 5540.0000 5321.0000 5590.0000 5393.0000 
26.2000 5561.0000 5452.0000 5235.0000 5494.0000 5475.0000 5402.0000 5411.0000 5302.0000 
26.4000 5457.0000 5424.0000 5443.0000 5382.0000 5286.0000 5501.0000 5456.0000 5344.0000 
26.6000 5507.0000 5442.0000 5361.0000 5363.0000 5489.0000 5373.0000 5384.0000 5473.0000 
26.8000 5356.0000 5415.0000 5289.0000 5436.0000 5467.0000 5337.0000 5506.0000 5573.0000 
27.0000 5361.0000 5473.0000 5363.0000 5502.0000 5444.0000 5448.0000 5436.0000 5254.0000 
27.2000 5457.0000 5434.0000 5406.0000 5342.0000 5553.0000 5336.0000 5524.0000 5451.0000 
27.4000 5433.0000 5503.0000 5211.0000 5357.0000 5533.0000 5253.0000 5347.0000 5349.0000 
27.6000 5399.0000 5382.0000 5325.0000 5346.0000 5380.0000 5357.0000 5575.0000 5411.0000 
27.8000 5424.0000 5441.0000 5277.0000 5317.0000 5302.0000 5362.0000 5421.0000 5384.0000 
28.0000 5425.0000 5433.0000 5346.0000 5377.0000 5591.0000 5196.0000 5410.0000 5454.0000 
28.2000 5465.0000 5301.0000 5352.0000 5300.0000 5368.0000 5437.0000 5517.0000 5500.0000 
28.4000 5384.0000 5523.0000 5317.0000 5349.0000 5495.0000 5527.0000 5501.0000 5296.0000 
28.6000 5406.0000 5456.0000 5277.0000 5344.0000 5452.0000 5397.0000 5512.0000 5519.0000 
28.8000 5611.0000 5382.0000 5376.0000 5260.0000 5648.0000 5336.0000 5581.0000 5542.0000 
29.0000 5412.0000 5460.0000 5233.0000 5236.0000 5300.0000 5509.0000 5331.0000 5508.0000 
29.2000 5648.0000 5415.0000 5379.0000 5313.0000 5516.0000 5355.0000 5580.0000 5421.0000 
29.4000 5626.0000 5480.0000 5221.0000 5511.0000 5411.0000 5518.0000 5458.0000 5268.0000 
29.6000 5420.0000 5446.0000 5467.0000 5098.0000 5321.0000 5389.0000 5426.0000 5396.0000 
29.8000 5462.0000 5576.0000 5320.0000 5505.0000 5434.0000 5466.0000 5481.0000 5312.0000 
30.0000 5558.0000 5450.0000 5454.0000 5258.0000 5327.0000 5430.0000 5389.0000 5564.0000 
30.2000 5514.0000 5525.0000 5429.0000 5462.0000 5496.0000 5372.0000 5390.0000 5360.0000 
30.4000 5518.0000 5307.0000 5256.0000 5233.0000 5513.0000 5325.0000 5649.0000 5406.0000 
30.6000 5605.0000 5560.0000 5383.0000 5344.0000 5571.0000 5400.0000 5630.0000 5561.0000 
30.8000 5490.0000 5485.0000 5316.0000 5443.0000 5325.0000 5389.0000 5551.0000 5441.0000 
31.0000 5405.0000 5459.0000 5358.0000 5414.0000 5506.0000 5366.0000 5429.0000 5442.0000 
31.2000 5506.0000 5556.0000 5348.0000 5270.0000 5539.0000 5530.0000 5502.0000 5504.0000 
31.4000 5464.0000 5199.0000 5356.0000 5521.0000 5492.0000 5319.0000 5552.0000 5357.0000 
31.6000 5512.0000 5486.0000 5431.0000 5297.0000 5380.0000 5454.0000 5627.0000 5337.0000 
31.8000 5434.0000 5487.0000 5465.0000 5168.0000 5206.0000 5321.0000 5489.0000 5459.0000 
32.0000 5611.0000 5261.0000 5384.0000 5271.0000 5427.0000 5411.0000 5633.0000 5433.0000 
32.2000 5459.0000 5530.0000 5237.0000 5436.0000 5433.0000 5377.0000 5463.0000 5449.0000 
32.4000 5714.0000 5501.0000 5290.0000 5387.0000 5505.0000 5322.0000 5623.0000 5481.0000 
32.6000 5392.0000 5428.0000 5340.0000 5318.0000 5479.0000 5292.0000 5441.0000 5423.0000 
32.8000 5456.0000 5547.0000 5304.0000 5291.0000 5426.0000 5268.0000 5357.0000 5452.0000 
33.0000 5444.0000 5483.0000 5407.0000 5422.0000 5364.0000 5270.0000 5403.0000 5418.0000 
33.2000 5674.0000 5425.0000 5228.0000 5434.0000 5483.0000 5585.0000 5573.0000 5461.0000 
33.4000 5482.0000 5508.0000 5284.0000 5292.0000 5314.0000 5495.0000 5562.0000 5291.0000 
33.6000 5415.0000 5365.0000 5295.0000 5289.0000 5558.0000 5327.0000 5487.0000 5562.0000 
33.8000 5570.0000 5376.0000 5303.0000 5359.0000 5485.0000 5338.0000 5491.0000 5475.0000 
34.0000 5509.0000 5400.0000 5570.0000 5419.0000 5396.0000 5472.0000 5546.0000 5466.0000 
34.2000 5538.0000 5463.0000 5190.0000 5245.0000 5267.0000 5408.0000 5664.0000 5312.0000 
34.4000 5511.0000 5538.0000 5412.0000 5363.0000 5505.0000 5360.0000 5464.0000 5370.0000 
34.6000 5441.0000 5466.0000 5446.0000 5368.0000 5318.0000 5500.0000 5520.0000 5505.0000 
34.8000 5536.0000 5432.0000 5419.0000 5283.0000 5467.0000 5397.0000 5531.0000 5346.0000 
35.0000 5615.0000 5500.0000 5466.0000 5407.0000 5520.0000 5231.0000 5498.0000 5397.0000 
35.2000 5575.0000 5499.0000 5324.0000 5358.0000 5358.0000 5387.0000 5407.0000 5406.0000 
35.4000 5609.0000 5473.0000 5237.0000 5345.0000 5515.0000 5399.0000 5478.0000 5454.0000 
35.6000 5480.0000 5403.0000 5381.0000 5378.0000 5479.0000 5342.0000 5403.0000 5469.0000 
35.8000 5370.0000 5492.0000 5352.0000 5351.0000 5383.0000 5400.0000 5397.0000 5442.0000 
36.0000 5461.0000 5278.0000 5451.0000 5400.0000 5449.0000 5452.0000 5550.0000 5359.0000 
36.2000 5567.0000 5407.0000 5333.0000 5504.0000 5641.0000 5304.0000 5645.0000 5302.0000 
36.4000 5552.0000 5616.0000 5421.0000 5528.0000 5505.0000 5445.0000 5623.0000 5456.0000 
36.6000 5542.0000 5502.0000 5303.0000 5412.0000 5495.0000 5436.0000 5457.0000 5302.0000 
36.8000 5556.0000 5544.0000 5503.0000 5403.0000 5556.0000 5314.0000 5509.0000 5420.0000 
37.0000 5549.0000 5551.0000 5484.0000 5298.0000 5539.0000 5453.0000 5528.0000 5452.0000 
37.2000 5444.0000 5414.0000 5356.0000 5296.0000 5394.0000 5217.0000 5593.0000 5403.0000 
37.4000 5520.0000 5410.0000 5456.0000 5539.0000 5417.0000 5261.0000 5371.0000 5376.0000 
37.6000 5390.0000 5303.0000 5397.0000 5469.0000 5488.0000 5273.0000 5380.0000 5548.0000 
37.8000 5583.0000 5333.0000 5298.0000 5360.0000 5333.0000 5148.0000 5461.0000 5531.0000 
38.0000 5410.0000 5416.0000 5242.0000 5343.0000 5456.0000 5397.0000 5497.0000 5509.0000 
38.2000 5622.0000 5410.0000 5553.0000 5422.0000 5397.0000 5355.0000 5585.0000 5445.0000 
38.4000 5586.0000 5373.0000 5392.0000 5432.0000 5340.0000 5417.0000 5583.0000 5417.0000 
38.6000 5376.0000 5551.0000 5270.0000 5390.0000 5403.0000 5483.0000 5606.0000 5461.0000 
38.8000 5451.0000 5398.0000 5263.0000 5278.0000 5361.0000 5305.0000 5478.0000 5474.0000 
39.0000 5485.0000 5607.0000 5537.0000 5306.0000 5403.0000 5295.0000 5377.0000 5479.0000 
39.2000 5309.0000 5308.0000 5229.0000 5346.0000 5549.0000 5367.0000 5420.0000 5462.0000 
39.4000 5547.0000 5399.0000 5407.0000 5427.0000 5336.0000 5305.0000 5579.0000 5499.0000 
39.6000 5431.0000 5352.0000 5387.0000 5317.0000 5454.0000 5305.0000 5477.0000 5505.0000 
39.8000 5492.0000 5290.0000 5130.0000 5413.0000 5335.0000 5343.0000 5459.0000 5365.0000 
40.0000 5607.0000 5439.0000 5456.0000 5358.0000 5292.0000 5360.0000 5385.0000 5380.0000 
40.2000 5471.0000 5394.0000 5232.0000 5378.0000 5479.0000 5433.0000 5312.0000 5475.0000 
40.4000 5423.0000 5338.0000 5287.0000 5302.0000 5512.0000 5423.0000 5425.0000 5503.0000 
40.6000 5455.0000 5383.0000 5278.0000 5241.0000 5459.0000 5439.0000 5345.0000 5593.0000 
40.8000 5609.0000 5527.0000 5322.0000 5379.0000 5411.0000 5355.0000 5422.0000 5414.0000 
41.0000 5540.0000 5493.0000 5340.0000 5254.0000 5365.0000 5376.0000 5493.0000 5526.0000 
41.2000 5467.0000 5236.0000 5232.0000 5120.0000 5481.0000 5444.0000 5442.0000 5368.0000 
41.4000 5523.0000 5375.0000 5237.0000 5377.0000 5278.0000 5393.0000 5493.0000 5325.0000 
41.6000 5555.0000 5363.0000 5187.0000 5132.0000 5265.0000 5421.0000 5477.0000 5549.0000 
41.8000 5481.0000 5379.0000 5371.0000 5278.0000 5398.0000 5486.0000 5456.0000 5416.0000 
42.0000 5552.0000 5297.0000 5328.0000 5358.0000 5430.0000 5459.0000 5523.0000 5281.0000 
42.2000 5480.0000 5312.0000 5136.0000 5492.0000 5491.0000 5343.0000 5587.0000 5437.0000 
42.4000 5564.0000 5502.0000 5421.0000 5445.0000 5440.0000 5257.0000 5592.0000 5551.0000 
42.6000 5435.0000 5347.0000 5411.0000 5400.0000 5525.0000 5408.0000 5594.0000 5301.0000 
42.8000 5545.0000 5536.0000 5240.0000 5301.0000 5524.0000 5305.0000 5429.0000 5533.0000 
43.0000 5417.0000 5601.0000 5359.0000 5233.0000 5478.0000 5372.0000 5477.0000 5580.0000 
43.2000 5418.0000 5461.0000 5370.0000 5395.0000 5298.0000 5362.0000 5581.0000 5552.0000 
43.4000 5312.0000 5482.0000 5547.0000 5326.0000 5432.0000 5392.0000 5608.0000 5422.0000 
43.6000 5504.0000 5450.0000 5346.0000 5420.0000 5528.0000 5369.0000 5425.0000 5428.0000 
43.8000 5515.0000 5459.0000 5275.0000 5351.0000 5494.0000 5293.0000 5255.0000 5361.0000 
44.0000 5495.0000 5406.0000 5385.0000 5335.0000 5573.0000 5458.0000 5488.0000 5427.0000 
44.2000 5419.0000 5523.0000 5381.0000 5292.0000 5301.0000 5397.0000 5545.0000 5559.0000 
44.4000 5299.0000 5433.0000 5408.0000 5297.0000 5550.0000 5481.0000 5527.0000 5349.0000 
44.6000 5615.0000 5501.0000 5449.0000 5335.0000 5481.0000 5480.0000 5695.0000 5320.0000 
44.8000 5498.0000 5497.0000 5393.0000 5318.0000 5463.0000 5463.0000 5620.0000 5553.0000 
45.0000 5504.0000 5315.0000 5357.0000 5271.0000 5463.0000 5346.0000 5574.0000 5509.0000 
45.2000 5350.0000 5484.0000 5310.0000 5380.0000 5327.0000 5435.0000 5482.0000 5241.0000 
45.4000 5468.0000 5546.0000 5327.0000 5287.0000 5380.0000 5304.0000 5340.0000 5519.0000 
45.6000 5453.0000 5464.0000 5346.0000 5423.0000 5302.0000 5372.0000 5620.0000 5470.0000 
45.8000 5675.0000 5345.0000 5503.0000 5397.0000 5388.0000 5453.0000 5454.0000 5297.0000 
46.0000 5529.0000 5395.0000 5267.0000 5281.0000 5467.0000 5417.0000 5408.0000 5524.0000 
46.2000 5535.0000 5320.0000 5239.0000 5295.0000 5396.0000 5299.0000 5516.0000 5370.0000 
46.4000 5556.0000 5231.0000 5146.0000 5358.0000 5496.0000 5519.0000 5496.0000 5495.0000 
46.6000 5517.0000 5419.0000 5302.0000 5302.0000 5420.0000 5480.0000 5571.0000 5388.0000 
46.8000 5583.0000 5408.0000 5237.0000 5340.0000 5446.0000 5413.0000 5627.0000 5471.0000 
47.0000 5467.0000 5576.0000 5384.0000 5470.0000 5360.0000 5218.0000 5492.0000 5407.0000 
47.2000 5449.0000 5393.0000 5468.0000 5421.0000 5338.0000 5401.0000 5468.0000 5402.0000 
47.4000 5476.0000 5272.0000 5515.0000 5353.0000 5368.0000 5336.0000 5419.0000 5398.0000 
47.6000 5408.0000 5383.0000 5260.0000 5301.0000 5335.0000 5468.0000 5569.0000 5547.0000 
47.8000 5462.0000 5414.0000 5337.0000 5314.0000 5373.0000 5313.0000 5545.0000 5372.0000 
48.0000 5538.0000 5511.0000 5367.0000 5333.0000 5514.0000 5454.0000 5561.0000 5266.0000 
48.2000 5447.0000 5502.0000 5302.0000 5365.0000 5332.0000 5408.0000 5522.0000 5441.0000 
48.4000 5510.0000 5458.0000 5370.0000 5397.0000 5298.0000 5311.0000 5644.0000 5469.0000 
48.6000 5654.0000 5477.0000 5443.0000 5260.0000 5326.0000 5526.0000 5498.0000 5467.0000 
48.8000 5503.0000 5479.0000 5225.0000 5459.0000 5551.0000 5364.0000 5455.0000 5408.0000 
49.0000 5519.0000 5516.0000 5357.0000 5305.0000 5352.0000 5457.0000 5626.0000 5403.0000 
49.2000 5422.0000 5368.0000 5299.0000 5309.0000 5615.0000 5312.0000 5462.0000 5397.0000 
49.4000 5470.0000 5457.0000 5369.0000 5189.0000 5544.0000 5281.0000 5542.0000 5454.0000 
49.6000 5434.0000 5462.0000 5277.0000 5383.0000 5473.0000 5356.0000 5529.0000 5438.0000 
49.8000 5559.0000 5587.0000 5460.0000 5318.0000 5488.0000 5478.0000 5610.0000 5622.0000 
50.0000 5414.0000 5341.0000 5391.0000 5395.0000 5524.0000 5279.0000 5411.0000 5482.0000 
50.2000 5544.0000 5467.0000 5270.0000 5214.0000 5392.0000 5403.0000 5548.0000 5296.0000 
50.4000 5574.0000 5382.0000 5472.0000 5396.0000 5490.0000 5351.0000 5508.0000 5486.0000 
50.6000 5472.0000 5510.0000 5382.0000 5431.0000 5383.0000 5510.0000 5486.0000 5414.0000 
50.8000 5478.0000 5549.0000 5299.0000 5372.0000 5481.0000 5403.0000 5429.0000 5450.0000 
51.0000 5535.0000 5424.0000 5334.0000 5356.0000 5352.0000 5471.0000 5264.0000 5446.0000 
51.2000 5604.0000 5426.0000 5248.0000 5516.0000 5452.0000 5483.0000 5587.0000 5543.0000 
51.4000 5535.0000 5415.0000 5260.0000 5275.0000 5423.0000 5230.0000 5403.0000 5367.0000 
51.6000 5432.0000 5352.0000 5308.0000 5344.0000 5380.0000 5195.0000 5557.0000 5326.0000 
51.8000 5502.0000 5426.0000 5488.0000 5443.0000 5417.0000 5247.0000 5548.0000 5317.0000 
52.0000 5555.0000 5475.0000 5359.0000 5271.0000 5355.0000 5494.0000 5656.0000 5444.0000 
52.2000 5386.0000 5433.0000 5136.0000 5440.0000 5336.0000 5327.0000 5564.0000 5471.0000 
52.4000 5723.0000 5335.0000 5381.0000 5398.0000 5522.0000 5418.0000 5310.0000 5333.0000 
52.6000 5374.0000 5468.0000 5361.0000 5459.0000 5381.0000 5450.0000 5496.0000 5376.0000 
52.8000 5359.0000 5361.0000 5340.0000 5248.0000 5282.0000 5507.0000 5530.0000 5490.0000 
53.0000 5373.0000 5347.0000 5298.0000 5358.0000 5402.0000 5313.0000 5564.0000 5256.0000 
53.2000 5357.0000 5459.0000 5425.0000 5285.0000 5321.0000 5292.0000 5387.0000 5403.0000 
53.4000 5411.0000 5339.0000 5305.0000 5220.0000 5300.0000 5326.0000 5454.0000 5555.0000 
53.6000 5629.0000 5440.0000 5335.0000 5174.0000 5583.0000 5412.0000 5435.0000 5271.0000 
53.8000 5459.0000 5285.0000 5447.0000 5369.0000 5295.0000 5343.0000 5422.0000 5523.0000 
54.0000 5532.0000 5376.0000 5459.0000 5315.0000 5620.0000 5475.0000 5671.0000 5370.0000 
54.2000 5591.0000 5441.0000 5259.0000 5254.0000 5176.0000 5185.0000 5526.0000 5260.0000 
54.4000 5557.0000 5383.0000 5549.0000 5370.0000 5300.0000 5339.0000 5504.0000 5572.0000 
54.6000 5474.0000 5306.0000 5396.0000 5213.0000 5296.0000 5339.0000 5464.0000 5397.0000 
54.8000 5520.0000 5342.0000 5368.0000 5475.0000 5363.0000 5465.0000 5498.0000 5433.0000 
55.0000 5423.0000 5415.0000 5271.0000 5275.0000 5390.0000 5408.0000 5407.0000 5334.0000 
55.2000 5534.0000 5495.0000 5303.0000 5391.0000 5351.0000 5461.0000 5604.0000 5483.0000 
55.4000 5555.0000 5425.0000 5192.0000 5458.0000 5289.0000 5308.0000 5524.0000 5366.0000 
55.6000 5487.0000 5414.0000 5464.0000 5277.0000 5376.0000 5351.0000 5511.0000 5475.0000 
55.8000 5476.0000 5541.0000 5301.0000 5368.0000 5395.0000 5322.0000 5563.0000 5452.0000 
56.0000 5444.0000 5544.0000 5353.0000 5434.0000 5468.0000 5346.0000 5516.0000 5316.0000 
56.2000 5343.0000 5357.0000 5462.0000 5322.0000 5521.0000 5294.0000 5493.0000 5428.0000 
56.4000 5456.0000 5576.0000 5432.0000 5279.0000 5510.0000 5374.0000 5482.0000 5481.0000 
56.6000 5521.0000 5495.0000 5530.0000 5361.0000 5528.0000 5311.0000 5389.0000 5454.0000 
56.8000 5633.0000 5535.0000 5250.0000 5316.0000 5358.0000 5413.0000 5459.0000 5579.0000 
57.0000 5486.0000 5397.0000 5446.0000 5262.0000 5328.0000 5357.0000 5420.0000 5538.0000 
57.2000 5581.0000 5371.0000 5478.0000 5422.0000 5304.0000 5490.0000 5237.0000 5390.0000 
57.4000 5388.0000 5470.0000 5237.0000 5221.0000 5309.0000 5347.0000 5391.0000 5460.0000 
57.6000 5366.0000 5558.0000 5397.0000 5270.0000 5487.0000 5437.0000 5444.0000 5388.0000 
57.8000 5567.0000 5365.0000 5294.0000 5238.0000 5539.0000 5103.0000 5491.0000 5504.0000 
58.0000 5537.0000 5465.0000 5281.0000 5296.0000 5365.0000 5450.0000 5483.0000 5392.0000 
58.2000 5579.0000 5511.0000 5386.0000 5430.0000 5461.0000 5407.0000 5595.0000 5356.0000 
58.4000 5404.0000 5381.0000 5277.0000 5417.0000 5517.0000 5425.0000 5644.0000 5348.0000 
58.6000 5556.0000 5358.0000 5356.0000 5303.0000 5518.0000 5442.0000 5598.0000 5315.0000 
58.8000 5627.0000 5323.0000 5442.0000 5291.0000 5398.0000 5483.0000 5267.0000 5395.0000 
59.0000 5542.0000 5368.0000 5191.0000 5480.0000 5331.0000 5282.0000 5373.0000 5464.0000 
59.2000 5512.0000 5267.0000 5271.0000 5292.0000 5486.0000 5347.0000 5495.0000 5253.0000 
59.4000 5554.0000 5390.0000 5468.0000 5263.0000 5360.0000 5365.0000 5577.0000 5487.0000 
59.6000 5598.0000 5339.0000 5260.0000 5341.0000 5307.0000 5376.0000 5597.0000 5446.0000 
59.8000 5487.0000 5452.0000 5248.0000 5278.0000 5355.0000 5449.0000 5567.0000 5233.0000 
60.0000 5463.0000 5374.0000 5392.0000 5322.0000 5572.0000 5360.0000 5554.0000 5488.0000 
60.2000 5613.0000 5417.0000 5320.0000 5299.0000 5432.0000 5396.0000 5528.0000 5328.0000 
60.4000 5502.0000 5332.0000 5406.0000 5315.0000 5442.0000 5502.0000 5440.0000 5344.0000 
60.6000 5513.0000 5501.0000 5337.0000 5345.0000 5467.0000 5255.0000 5429.0000 5300.0000 
60.8000 5388.0000 5327.0000 5527.0000 5534.0000 5364.0000 5515.0000 5573.0000 5417.0000 
61.0000 5642.0000 5509.0000 5270.0000 5082.0000 5304.0000 5279.0000 5553.0000 5473.0000 
61.2000 5499.0000 5478.0000 5374.0000 5242.0000 5288.0000 5249.0000 5396.0000 5385.0000 
61.4000 5330.0000 5370.0000 5382.0000 5252.0000 5416.0000 5383.0000 5350.0000 5349.0000 
61.6000 5584.0000 5348.0000 5458.0000 5411.0000 5424.0000 5446.0000 5456.0000 5427.0000 
61.8000 5506.0000 5327.0000 5454.0000 5263.0000 5410.0000 5381.0000 5528.0000 5465.0000 
62.0000 5487.0000 5426.0000 5444.0000 5162.0000 5418.0000 5317.0000 5465.0000 5586.0000 
62.2000 5556.0000 5413.0000 5374.0000 5200.0000 5423.0000 5437.0000 5290.0000 5439.0000 
62.4000 5619.0000 5433.0000 5283.0000 5455.0000 5557.0000 5419.0000 5560.0000 5443.0000 
62.6000 5540.0000 5433.0000 5257.0000 5276.0000 5467.0000 5305.0000 5419.0000 5469.0000 
62.8000 5510.0000 5501.0000 5401.0000 5342.0000 5422.0000 5244.0000 5433.0000 5385.0000 
63.0000 5431.0000 5379.0000 5308.0000 5349.0000 5399.0000 5329.0000 5560.0000 5271.0000 
63.2000 5604.0000 5451.0000 5328.0000 5410.0000 5281.0000 5509.0000 5613.0000 5423.0000 
63.4000 5441.0000 5338.0000 5275.0000 5375.0000 5303.0000 5290.0000 5419.0000 5423.0000 
63.6000 5425.0000 5477.0000 5462.0000 5236.0000 5313.0000 5383.0000 5542.0000 5401.0000 
63.8000 5570.0000 5416.0000 5221.0000 5314.0000 5298.0000 5472.0000 5495.0000 5554.0000 
64.0000 5373.0000 5413.0000 5334.0000 5310.0000 5411.0000 5459.0000 5444.0000 5353.0000 
64.2000 5602.0000 5336.0000 5241.0000 5365.0000 5461.0000 5279.0000 5457.0000 5487.0000 
64.4000 5456.0000 5454.0000 5363.0000 5354.0000 5290.0000 5350.0000 5269.0000 5399.0000 
64.6000 5424.0000 5276.0000 5265.0000 5394.0000 5465.0000 5234.0000 5498.0000 5548.0000 
64.8000 5364.0000 5606.0000 5396.0000 5479.0000 5352.0000 5244.0000 5533.0000 5386.0000 
65.0000 5534.0000 5552.0000 5453.0000 5389.0000 5553.0000 5539.0000 5493.0000 5411.0000 
65.2000 5604.0000 5288.0000 5340.0000 5407.0000 5405.0000 5301.0000 5591.0000 5345.0000 
65.4000 5371.0000 5377.0000 5296.0000 5247.0000 5205.0000 5375.0000 5331.0000 5286.0000 
65.6000 5619.0000 5431.0000 5275.0000 5372.0000 5514.0000 5375.0000 5570.0000 5424.0000 
65.8000 5439.0000 5426.0000 5423.0000 5273.0000 5366.0000 5554.0000 5494.0000 5378.0000 
66.0000 5404.0000 5425.0000 5292.0000 5308.0000 5289.0000 5337.0000 5493.0000 5495.0000 
66.2000 5620.0000 5369.0000 5441.0000 5201.0000 5350.0000 5482.0000 5471.0000 5343.0000 
66.4000 5388.0000 5247.0000 5206.0000 5234.0000 5330.0000 5396.0000 5417.0000 5559.0000 
66.6000 5508.0000 5425.0000 5277.0000 5381.0000 5378.0000 5370.0000 5582.0000 5397.0000 
66.8000 5476.0000 5331.0000 5473.0000 5317.0000 5496.0000 5401.0000 5420.0000 5280.0000 
67.0000 5444.0000 5432.0000 5332.0000 5292.0000 5269.0000 5401.0000 5460.0000 5430.0000 
67.2000 5608.0000 5277.0000 5360.0000 5303.0000 5499.0000 5277.0000 5378.0000 5396.0000 
67.4000 5611.0000 5279.0000 5232.0000 5371.0000 5374.0000 5410.0000 5516.0000 5436.0000 
67.6000 5546.0000 5277.0000 5224.0000 5297.0000 5584.0000 5430.0000 5346.0000 5425.0000 
67.8000 5514.0000 5354.0000 5170.0000 5259.0000 5433.0000 5330.0000 5446.0000 5304.0000 
68.0000 5497.0000 5347.0000 5442.0000 5191.0000 5378.0000 5510.0000 5474.0000 5402.0000 
68.2000 5586.0000 5439.0000 5416.0000 5363.0000 5451.0000 5467.0000 5475.0000 5452.0000 
68.4000 5474.0000 5374.0000 5389.0000 5257.0000 5413.0000 5485.0000 5525.0000 5356.0000 
68.6000 5434.0000 5496.0000 5276.0000 5280.0000 5437.0000 5359.0000 5529.0000 5326.0000 
68.8000 5488.0000 5461.0000 5532.0000 5356.0000 5464.0000 5514.0000 5477.0000 5443.0000 
69.0000 5562.0000 5475.0000 5344.0000 5294.0000 5363.0000 5376.0000 5370.0000 5412.0000 
69.2000 5537.0000 5411.0000 5359.0000 5287.0000 5440.0000 5416.0000 5435.0000 5628.0000 
69.4000 5405.0000 5401.0000 5455.0000 5359.0000 5476.0000 5198.0000 5499.0000 5351.0000 
69.6000 5375.0000 5386.0000 5308.0000 5434.0000 5410.0000 5295.0000 5536.0000 5380.0000 
69.8000 5559.0000 5418.0000 5455.0000 5430.0000 5459.0000 5276.0000 5591.0000 5390.0000 
70.0000 5464.0000 5478.0000 5264.0000 5398.0000 5476.0000 5482.0000 5443.0000 5510.0000 
70.2000 5554.0000 5385.0000 5319.0000 5422.0000 5564.0000 5187.0000 5619.0000 5284.0000 
70.4000 5631.0000 5461.0000 5281.0000 5250.0000 5399.0000 5337.0000 5523.0000 5043.0000 
70.6000 5476.0000 5301.0000 5354.0000 5285.0000 5326.0000 5354.0000 5443.0000 5474.0000 
70.8000 5448.0000 5520.0000 5297.0000 5336.0000 5498.0000 5267.0000 5441.0000 5521.0000 
71.0000 5475.0000 5420.0000 5355.0000 5237.0000 5572.0000 5306.0000 5563.0000 5427.0000 
71.2000 5427.0000 5365.0000 5374.0000 5317.0000 5515.0000 5485.0000 5528.0000 5560.0000 
71.4000 5393.0000 5423.0000 5348.0000 5384.0000 5375.0000 5472.0000 5504.0000 5342.0000 
71.6000 5519.0000 5480.0000 5254.0000 5424.0000 5375.0000 5491.0000 5555.0000 5429.0000 
71.8000 5386.0000 5393.0000 5333.0000 5283.0000 5415.0000 5373.0000 5611.0000 5417.0000 
72.0000 5553.0000 5272.0000 5396.0000 5301.0000 5412.0000 5299.0000 5610.0000 5227.0000 
72.2000 5630.0000 5527.0000 5539.0000 5379.0000 5562.0000 5618.0000 5620.0000 5406.0000 
72.4000 5567.0000 5268.0000 5300.0000 5497.0000 5330.0000 5491.0000 5464.0000 5528.0000 
72.6000 5396.0000 5442.0000 5327.0000 5329.0000 5500.0000 5532.0000 5564.0000 5501.0000 
72.8000 5577.0000 5370.0000 5267.0000 5309.0000 5451.0000 5339.0000 5565.0000 5516.0000 
73.0000 5614.0000 5386.0000 5476.0000 5431.0000 5222.0000 5300.0000 5557.0000 5391.0000 
73.2000 5514.0000 5435.0000 5383.0000 5134.0000 5394.0000 5278.0000 5457.0000 5435.0000 
73.4000 5513.0000 5512.0000 5210.0000 5244.0000 5461.0000 5220.0000 5525.0000 5284.0000 
73.6000 5562.0000 5424.0000 5417.0000 5593.0000 5531.0000 5374.0000 5607.0000 5475.0000 
73.8000 5347.0000 5432.0000 5246.0000 5361.0000 5361.0000 5220.0000 5622.0000 5522.0000 
74.0000 5471.0000 5327.0000 5184.0000 5489.0000 5453.0000 5302.0000 5330.0000 5407.0000 
74.2000 5401.0000 5466.0000 5460.0000 5267.0000 5457.0000 5325.0000 5394.0000 5482.0000 
74.4000 5515.0000 5462.0000 5257.0000 5405.0000 5333.0000 5456.0000 5516.0000 5348.0000 
74.6000 5546.0000 5507.0000 5205.0000 5358.0000 5435.0000 5204.0000 5547.0000 5423.0000 
74.8000 5514.0000 5417.0000 5252.0000 5213.0000 5379.0000 5233.0000 5370.0000 5383.0000 
75.0000 5329.0000 5236.0000 5043.0000 5280.0000 5232.0000 5116.0000 5278.0000 5183.0000 
75.2000 5378.0000 5533.0000 5389.0000 5080.0000 5386.0000 5358.0000 5455.0000 5260.0000 
75.4000 5389.0000 5218.0000 5080.0000 5129.0000 5142.0000 4994.0000 5309.0000 5244.0000 
75.6000 5557.0000 5558.0000 5266.0000 5357.0000 5505.0000 5394.0000 5621.0000 5674.0000 
75.8000 5247.0000 5383.0000 5261.0000 4978.0000 5262.0000 5068.0000 5377.0000 5320.0000 
76.0000 5506.0000 5462.0000 5399.0000 5415.0000 5348.0000 5406.0000 5340.0000 5564.0000 
76.2000 5293.0000 5307.0000 5091.0000 5185.0000 5218.0000 5008.0000 5370.0000 5168.0000 
76.4000 5547.0000 5554.0000 5393.0000 5471.0000 5368.0000 5279.0000 5481.0000 5516.0000 
76.6000 5371.0000 5275.0000 5115.0000 5171.0000 5234.0000 5105.0000 5326.0000 5136.0000 
76.8000 5513.0000 5317.0000 5248.0000 5453.0000 5385.0000 5402.0000 5585.0000 5399.0000 
77.0000 5196.0000 5122.0000 5247.0000 5070.0000 5165.0000 5288.0000 5249.0000 5151.0000 
77.2000 5378.0000 5253.0000 5228.0000 5340.0000 5333.0000 5391.0000 5537.0000 5430.0000 
77.4000 5276.0000 5238.0000 4974.0000 5146.0000 5226.0000 5133.0000 5429.0000 5035.0000 
77.6000 5196.0000 5401.0000 5332.0000 5411.0000 5418.0000 5310.0000 5560.0000 5463.0000 
77.8000 5204.0000 5158.0000 5014.0000 5109.0000 5227.0000 4985.0000 5163.0000 5059.0000 
78.0000 5477.0000 5359.0000 5470.0000 5245.0000 5527.0000 5310.0000 5529.0000 5445.0000 
78.2000 5167.0000 5082.0000 5200.0000 5044.0000 5250.0000 5112.0000 5273.0000 5194.0000 
78.4000 5423.0000 5378.0000 5385.0000 5286.0000 5355.0000 5442.0000 5507.0000 5438.0000 
78.6000 5228.0000 5098.0000 5066.0000 5072.0000 5139.0000 5068.0000 5402.0000 5212.0000 
78.8000 5555.0000 5323.0000 5379.0000 5301.0000 5439.0000 5389.0000 5606.0000 5559.0000 
79.0000 5267.0000 5266.0000 4980.0000 5017.0000 5071.0000 5279.0000 5209.0000 5237.0000 
79.2000 5400.0000 5471.0000 5290.0000 5268.0000 5372.0000 5471.0000 5447.0000 5392.0000 
79.4000 5156.0000 5285.0000 5101.0000 5156.0000 5283.0000 5143.0000 5225.0000 5222.0000 
79.6000 5424.0000 5414.0000 5246.0000 5387.0000 5344.0000 5295.0000 5428.0000 5317.0000 
79.8000 5165.0000 5251.0000 5203.0000 4956.0000 5238.0000 5059.0000 5308.0000 5159.0000 
80.0000 5450.0000 5377.0000 5349.0000 5406.0000 5363.0000 5401.0000 5518.0000 5502.0000 
80.2000 5207.0000 5100.0000 5087.0000 5089.0000 5246.0000 5011.0000 5301.0000 5247.0000 
80.4000 5481.0000 5420.0000 5279.0000 5356.0000 5500.0000 5263.0000 5385.0000 5188.0000 
80.6000 5000.0000 5108.0000 5233.0000 5095.0000 5232.0000 5119.0000 5263.0000 5150.0000 
80.8000 5279.0000 5350.0000 5183.0000 5210.0000 5420.0000 5448.0000 5604.0000 5456.0000 
81.0000 5442.0000 5133.0000 5157.0000 4986.0000 5144.0000 5019.0000 5187.0000 5341.0000 
81.2000 5563.0000 5549.0000 5275.0000 5290.0000 5540.0000 5311.0000 5551.0000 5291.0000 
81.4000 5286.0000 5261.0000 5207.0000 5031.0000 5212.0000 5008.0000 5258.0000 5073.0000 
81.6000 5372.0000 5355.0000 5324.0000 5208.0000 5298.0000 5385.0000 5504.0000 5432.0000 
81.8000 5156.0000 5041.0000 4976.0000 5049.0000 5020.0000 5238.0000 5233.0000 5075.0000 
82.0000 5368.0000 5170.0000 5180.0000 5200.0000 5492.0000 5273.0000 5606.0000 5446.0000 
82.2000 5132.0000 5182.0000 5133.0000 5165.0000 5173.0000 5238.0000 5243.0000 5291.0000 
82.4000 5324.0000 5158.0000 5321.0000 5348.0000 5387.0000 5383.0000 5501.0000 5430.0000 
82.6000 5232.0000 5260.0000 5137.0000 5203.0000 5189.0000 5090.0000 5247.0000 5135.0000 
82.8000 5319.0000 5400.0000 5450.0000 5288.0000 5333.0000 5450.0000 5464.0000 5445.0000 
83.0000 5240.0000 5297.0000 5205.0000 5107.0000 5068.0000 5209.0000 5388.0000 5188.0000 
83.2000 5566.0000 5243.0000 5276.0000 5269.0000 5460.0000 5449.0000 5562.0000 5502.0000 
83.4000 5324.0000 5119.0000 4914.0000 5032.0000 5082.0000 5112.0000 5315.0000 5290.0000 
83.6000 5638.0000 5355.0000 5303.0000 5230.0000 5374.0000 5304.0000 5523.0000 5328.0000 
83.8000 5347.0000 5251.0000 4987.0000 5148.0000 5120.0000 5034.0000 5242.0000 5235.0000 
84.0000 5408.0000 5258.0000 5341.0000 5401.0000 5254.0000 5392.0000 5512.0000 5519.0000 
84.2000 5342.0000 5142.0000 5178.0000 5253.0000 5320.0000 5007.0000 5233.0000 5107.0000 
84.4000 5444.0000 5480.0000 5126.0000 5191.0000 5582.0000 5271.0000 5446.0000 5355.0000 
84.6000 5020.0000 5382.0000 5007.0000 5131.0000 5267.0000 5146.0000 5140.0000 5058.0000 
84.8000 5400.0000 5327.0000 5179.0000 5173.0000 5556.0000 5271.0000 5409.0000 5473.0000 
85.0000 5140.0000 5153.0000 5008.0000 5053.0000 5332.0000 5108.0000 5312.0000 5283.0000 
85.2000 5352.0000 5408.0000 5295.0000 5310.0000 5435.0000 5572.0000 5546.0000 5270.0000 
85.4000 5280.0000 5282.0000 5032.0000 5220.0000 5282.0000 5088.0000 5333.0000 5241.0000 
85.6000 5482.0000 5327.0000 5407.0000 5432.0000 5237.0000 5340.0000 5413.0000 5335.0000 
85.8000 5236.0000 5139.0000 5183.0000 5115.0000 5253.0000 5064.0000 5298.0000 5191.0000 
86.0000 5447.0000 5543.0000 5343.0000 5330.0000 5516.0000 5311.0000 5558.0000 5423.0000 
86.2000 5183.0000 5050.0000 5071.0000 5087.0000 5057.0000 5026.0000 5375.0000 5206.0000 
86.4000 5423.0000 5308.0000 5237.0000 5380.0000 5243.0000 5421.0000 5484.0000 5390.0000 
86.6000 5330.0000 5105.0000 5171.0000 5115.0000 5090.0000 5127.0000 5292.0000 5240.0000 
86.8000 5449.0000 5512.0000 5400.0000 5309.0000 5464.0000 5237.0000 5352.0000 5485.0000 
87.0000 5247.0000 5176.0000 5025.0000 5041.0000 5297.0000 5213.0000 5211.0000 5089.0000 
87.2000 5386.0000 5303.0000 5400.0000 5343.0000 5395.0000 5324.0000 5278.0000 5307.0000 
87.4000 5284.0000 5183.0000 5079.0000 5054.0000 5262.0000 5186.0000 5375.0000 5173.0000 
87.6000 5535.0000 5326.0000 5312.0000 5363.0000 5525.0000 5299.0000 5624.0000 5454.0000 
87.8000 5128.0000 5162.0000 5081.0000 5001.0000 5166.0000 5170.0000 5167.0000 5207.0000 
88.0000 5347.0000 5620.0000 5396.0000 5424.0000 5548.0000 5484.0000 5362.0000 5347.0000 
88.2000 5182.0000 5207.0000 5090.0000 5197.0000 5087.0000 5089.0000 5296.0000 5203.0000 
88.4000 5440.0000 5399.0000 5245.0000 5284.0000 5251.0000 5491.0000 5526.0000 5398.0000 
88.6000 5120.0000 5031.0000 5158.0000 5111.0000 5100.0000 5170.0000 5243.0000 5161.0000 
88.8000 5364.0000 5499.0000 5159.0000 5270.0000 5182.0000 5314.0000 5525.0000 5460.0000 
89.0000 5227.0000 5249.0000 5164.0000 5115.0000 5228.0000 5079.0000 5307.0000 5052.0000 
89.2000 5552.0000 5371.0000 5307.0000 5233.0000 5344.0000 5377.0000 5562.0000 5419.0000 
89.4000 5150.0000 5135.0000 5115.0000 5066.0000 5040.0000 5040.0000 5210.0000 5076.0000 
89.6000 5317.0000 5346.0000 5105.0000 5388.0000 5339.0000 5354.0000 5492.0000 5413.0000 
89.8000 5269.0000 5195.0000 5169.0000 5159.0000 5106.0000 5184.0000 5273.0000 5099.0000 
90.0000 5432.0000 5488.0000 5314.0000 5382.0000 5412.0000 5381.0000 5503.0000 5363.0000 
90.2000 5327.0000 5251.0000 5093.0000 5111.0000 5172.0000 5184.0000 5244.0000 5101.0000 
90.4000 5372.0000 5276.0000 5268.0000 5368.0000 5265.0000 5503.0000 5409.0000 5523.0000 
90.6000 5342.0000 5116.0000 5147.0000 5070.0000 5198.0000 5171.0000 5226.0000 5162.0000 
90.8000 5331.0000 5592.0000 5443.0000 5259.0000 5535.0000 5346.0000 5446.0000 5407.0000 
91.0000 5285.0000 5335.0000 5083.0000 5144.0000 5063.0000 5276.0000 5247.0000 5216.0000 
91.2000 5455.0000 5495.0000 5134.0000 5252.0000 5303.0000 5247.0000 5351.0000 5361.0000 
91.4000 5281.0000 5205.0000 5103.0000 5244.0000 5153.0000 5018.0000 5203.0000 5141.0000 
91.6000 5539.0000 5367.0000 5357.0000 5338.0000 5533.0000 5294.0000 5496.0000 5420.0000 
91.8000 5344.0000 5128.0000 5143.0000 5172.0000 5260.0000 5236.0000 5142.0000 5188.0000 
92.0000 5435.0000 5343.0000 5292.0000 5202.0000 5388.0000 5262.0000 5439.0000 5244.0000 
92.2000 5169.0000 5108.0000 5158.0000 5016.0000 5089.0000 5221.0000 5251.0000 5165.0000 
92.4000 5382.0000 5482.0000 5227.0000 5294.0000 5471.0000 5445.0000 5559.0000 5454.0000 
92.6000 5384.0000 5172.0000 5130.0000 4985.0000 5163.0000 5094.0000 5246.0000 5128.0000 
92.8000 5367.0000 5402.0000 5257.0000 5301.0000 5462.0000 5370.0000 5528.0000 5369.0000 
93.0000 5106.0000 5172.0000 5190.0000 4994.0000 5156.0000 5160.0000 5227.0000 5283.0000 
93.2000 5418.0000 5374.0000 5194.0000 5279.0000 5346.0000 5225.0000 5453.0000 5483.0000 
93.4000 5309.0000 5235.0000 5042.0000 5233.0000 5036.0000 5227.0000 5079.0000 5254.0000 
93.6000 5535.0000 5391.0000 5355.0000 5253.0000 5361.0000 5321.0000 5452.0000 5246.0000 
93.8000 5289.0000 5227.0000 5133.0000 5090.0000 5079.0000 5123.0000 5208.0000 5082.0000 
94.0000 5434.0000 5504.0000 5310.0000 5488.0000 5395.0000 5320.0000 5500.0000 5454.0000 
94.2000 5230.0000 5186.0000 5072.0000 5056.0000 5181.0000 5163.0000 5206.0000 5260.0000 
94.4000 5529.0000 5407.0000 5234.0000 5415.0000 5339.0000 5461.0000 5460.0000 5474.0000 
94.6000 5394.0000 5162.0000 5150.0000 5213.0000 5062.0000 5129.0000 5238.0000 5213.0000 
94.8000 5266.0000 5370.0000 5219.0000 5253.0000 5543.0000 5239.0000 5460.0000 5384.0000 
95.0000 5353.0000 5115.0000 5202.0000 5144.0000 5226.0000 5147.0000 5033.0000 5216.0000 
95.2000 5385.0000 5278.0000 5250.0000 5200.0000 5335.0000 5251.0000 5345.0000 5497.0000 
95.4000 5308.0000 5160.0000 5142.0000 5093.0000 5324.0000 5264.0000 5299.0000 5159.0000 
95.6000 5421.0000 5238.0000 5360.0000 5266.0000 5412.0000 5385.0000 5427.0000 5385.0000 
95.8000 5203.0000 5082.0000 5102.0000 4994.0000 5312.0000 5218.0000 5348.0000 5227.0000 
96.0000 5369.0000 5302.0000 5192.0000 5266.0000 5272.0000 5382.0000 5464.0000 5355.0000 
96.2000 5214.0000 5187.0000 5026.0000 5098.0000 5187.0000 5071.0000 5320.0000 5139.0000 
96.4000 5502.0000 5364.0000 5280.0000 5261.0000 5358.0000 5404.0000 5514.0000 5436.0000 
96.6000 5373.0000 5197.0000 5112.0000 5028.0000 5241.0000 5179.0000 5316.0000 5160.0000 
96.8000 5417.0000 5362.0000 5301.0000 5185.0000 5436.0000 5318.0000 5483.0000 5535.0000 
97.0000 5069.0000 5210.0000 5088.0000 5117.0000 5179.0000 5091.0000 5340.0000 5058.0000 
97.2000 5549.0000 5347.0000 5303.0000 5425.0000 5328.0000 5456.0000 5532.0000 5431.0000 
97.4000 5051.0000 5180.0000 5142.0000 5123.0000 5203.0000 5080.0000 5371.0000 5249.0000 
97.6000 5494.0000 5455.0000 5282.0000 5404.0000 5336.0000 5412.0000 5560.0000 5267.0000 
97.8000 5208.0000 5206.0000 5150.0000 5233.0000 5132.0000 5164.0000 5159.0000 5162.0000 
98.0000 5405.0000 5301.0000 5388.0000 5306.0000 5369.0000 5401.0000 5420.0000 5230.0000 
98.2000 5317.0000 5314.0000 5137.0000 5103.0000 5149.0000 5090.0000 5200.0000 5141.0000 
98.4000 5318.0000 5558.0000 5332.0000 5221.0000 5341.0000 5337.0000 5359.0000 5550.0000 
98.6000 5318.0000 5235.0000 5077.0000 5206.0000 5257.0000 5084.0000 5348.0000 5201.0000 
98.8000 5354.0000 5369.0000 5344.0000 5231.0000 5369.0000 5560.0000 5371.0000 5419.0000 
99.0000 5177.0000 5159.0000 5128.0000 5095.0000 5107.0000 5138.0000 5278.0000 5270.0000 
99.2000 5386.0000 5317.0000 5358.0000 5255.0000 5548.0000 5374.0000 5501.0000 5375.0000 
99.4000 5196.0000 5153.0000 5027.0000 5053.0000 5252.0000 5141.0000 5190.0000 5181.0000 
99.6000 5348.0000 5435.0000 5255.0000 5362.0000 5624.0000 5558.0000 5373.0000 5520.0000 
99.8000 5116.0000 5234.0000 5100.0000 5096.0000 5185.0000 5088.0000 5130.0000 5193.0000 
100.0000 5455.0000 5456.0000 5285.0000 5254.0000 5241.0000 5285.0000 5342.0000 5325.0000 
100.2000 5166.0000 5312.0000 5061.0000 5172.0000 5244.0000 4932.0000 5232.0000 5157.0000 
100.4000 5520.0000 5545.0000 5292.0000 5371.0000 5348.0000 5624.0000 5581.0000 5427.0000 
100.6000 5189.0000 5168.0000 5067.0000 5155.0000 5239.0000 5211.0000 5279.0000 5216.0000 
100.8000 5453.0000 5471.0000 5291.0000 5235.0000 5367.0000 5355.0000 5424.0000 5432.0000 
101.0000 5322.0000 5228.0000 5185.0000 5171.0000 5375.0000 5011.0000 5260.0000 5242.0000 
101.2000 5339.0000 5289.0000 5334.0000 5252.0000 5372.0000 5469.0000 5539.0000 5506.0000 
101.4000 5098.0000 5309.0000 5117.0000 5006.0000 5268.0000 5144.0000 5303.0000 5211.0000 
101.6000 5482.0000 5477.0000 5284.0000 5345.0000 5326.0000 5292.0000 5485.0000 5530.0000 
101.8000 5198.0000 5153.0000 5010.0000 5214.0000 5151.0000 5107.0000 5206.0000 5170.0000 
102.0000 5390.0000 5463.0000 5277.0000 5453.0000 5432.0000 5338.0000 5459.0000 5369.0000 
102.2000 5335.0000 5262.0000 5036.0000 5028.0000 5141.0000 5097.0000 5220.0000 5224.0000 
102.4000 5519.0000 5451.0000 5339.0000 5294.0000 5247.0000 5269.0000 5443.0000 5395.0000 
102.6000 5229.0000 5231.0000 5093.0000 5241.0000 5194.0000 5211.0000 5221.0000 5254.0000 
102.8000 5411.0000 5291.0000 5363.0000 5249.0000 5334.0000 5382.0000 5362.0000 5378.0000 
103.0000 5198.0000 5189.0000 5135.0000 5172.0000 5212.0000 5135.0000 5433.0000 5187.0000 
103.2000 5355.0000 5265.0000 5294.0000 5156.0000 5303.0000 5189.0000 5418.0000 5411.0000 
103.4000 5297.0000 5176.0000 5141.0000 5031.0000 5237.0000 5223.0000 5230.0000 5208.0000 
103.6000 5305.0000 5381.0000 5217.0000 5313.0000 5362.0000 5233.0000 5479.0000 5502.0000 
103.8000 5280.0000 5103.0000 5110.0000 5104.0000 5187.0000 5066.0000 5202.0000 5265.0000 
104.0000 5395.0000 5427.0000 5204.0000 5257.0000 5501.0000 5304.0000 5504.0000 5352.0000 
104.2000 5097.0000 5091.0000 5102.0000 5135.0000 5178.0000 5121.0000 5248.0000 5219.0000 
104.4000 5470.0000 5354.0000 5432.0000 5340.0000 5420.0000 5323.0000 5383.0000 5478.0000 
104.6000 5222.0000 5133.0000 5074.0000 5145.0000 5063.0000 5191.0000 5302.0000 5288.0000 
104.8000 5427.0000 5322.0000 5321.0000 5313.0000 5401.0000 5297.0000 5334.0000 5396.0000 
105.0000 5413.0000 5202.0000 5107.0000 5114.0000 5153.0000 5179.0000 5255.0000 5299.0000 
105.2000 5358.0000 5315.0000 5165.0000 5218.0000 5291.0000 5343.0000 5359.0000 5393.0000 
105.4000 5226.0000 5121.0000 4991.0000 5156.0000 5182.0000 5120.0000 5216.0000 5078.0000 
105.6000 5424.0000 5308.0000 5274.0000 5278.0000 5370.0000 5415.0000 5338.0000 5388.0000 
105.8000 5397.0000 4991.0000 5225.0000 5186.0000 5084.0000 4962.0000 5348.0000 5275.0000 
106.0000 5461.0000 5284.0000 5276.0000 5332.0000 5447.0000 5370.0000 5434.0000 5446.0000 
106.2000 5450.0000 5071.0000 5119.0000 5190.0000 5208.0000 5295.0000 5335.0000 5251.0000 
106.4000 5369.0000 5289.0000 5306.0000 5279.0000 5273.0000 5176.0000 5408.0000 5479.0000 
106.6000 5287.0000 5129.0000 5065.0000 5104.0000 5037.0000 5030.0000 5308.0000 5295.0000 
106.8000 5521.0000 5392.0000 5307.0000 5507.0000 5503.0000 5306.0000 5446.0000 5491.0000 
107.0000 5306.0000 5199.0000 5264.0000 5289.0000 5278.0000 5144.0000 5320.0000 5228.0000 
107.2000 5370.0000 5464.0000 5306.0000 5432.0000 5481.0000 5434.0000 5395.0000 5423.0000 
107.4000 5210.0000 5082.0000 5021.0000 5103.0000 5157.0000 5199.0000 5281.0000 5163.0000 
107.6000 5371.0000 5339.0000 5369.0000 5324.0000 5239.0000 5481.0000 5517.0000 5481.0000 
107.8000 5300.0000 5213.0000 5093.0000 5096.0000 5241.0000 5138.0000 5180.0000 5147.0000 
108.0000 5333.0000 5417.0000 5377.0000 5356.0000 5337.0000 5441.0000 5462.0000 5435.0000 
108.2000 5219.0000 5324.0000 5049.0000 5118.0000 5184.0000 5045.0000 5259.0000 5152.0000 
108.4000 5473.0000 5399.0000 5407.0000 5297.0000 5381.0000 5253.0000 5541.0000 5296.0000 
108.6000 5236.0000 5172.0000 5059.0000 5063.0000 5286.0000 5178.0000 5297.0000 5152.0000 
108.8000 5363.0000 5352.0000 5136.0000 5290.0000 5269.0000 5305.0000 5438.0000 5423.0000 
109.0000 5131.0000 4939.0000 5096.0000 5156.0000 5078.0000 5192.0000 5221.0000 5170.0000 
109.2000 5376.0000 5304.0000 5235.0000 5222.0000 5278.0000 5239.0000 5470.0000 5456.0000 
109.4000 5246.0000 5300.0000 5276.0000 5124.0000 5170.0000 5070.0000 5256.0000 5212.0000 
109.6000 5459.0000 5263.0000 5320.0000 5353.0000 5454.0000 5370.0000 5339.0000 5412.0000 
109.8000 5199.0000 5168.0000 5318.0000 4986.0000 5124.0000 5086.0000 5373.0000 5243.0000 
110.0000 5333.0000 5343.0000 5310.0000 5228.0000 5323.0000 5362.0000 5432.0000 5304.0000 
110.2000 5206.0000 5284.0000 5068.0000 5203.0000 5108.0000 5037.0000 5185.0000 5075.0000 
110.4000 5526.0000 5455.0000 5408.0000 5232.0000 5234.0000 5352.0000 5498.0000 5484.0000 
110.6000 5392.0000 5137.0000 5176.0000 5151.0000 5220.0000 5198.0000 5219.0000 4991.0000 
110.8000 5443.0000 5429.0000 5363.0000 5311.0000 5355.0000 5214.0000 5475.0000 5474.0000 
111.0000 5365.0000 5245.0000 5077.0000 5232.0000 5180.0000 5200.0000 5404.0000 5043.0000 
111.2000 5360.0000 5321.0000 5356.0000 5307.0000 5455.0000 5262.0000 5484.0000 5350.0000 
111.4000 5263.0000 5225.0000 5165.0000 4963.0000 5208.0000 4987.0000 5252.0000 5271.0000 
111.6000 5468.0000 5282.0000 5316.0000 5280.0000 5383.0000 5302.0000 5617.0000 5563.0000 
111.8000 5270.0000 5198.0000 5134.0000 5067.0000 5069.0000 5206.0000 5149.0000 5251.0000 
112.0000 5517.0000 5398.0000 5369.0000 5201.0000 5355.0000 5285.0000 5412.0000 5296.0000 
112.2000 5198.0000 5139.0000 5310.0000 5110.0000 5158.0000 5193.0000 5362.0000 5316.0000 
112.4000 5454.0000 5436.0000 5283.0000 5337.0000 5381.0000 5358.0000 5526.0000 5325.0000 
112.6000 5189.0000 5278.0000 5150.0000 5246.0000 5211.0000 5175.0000 5252.0000 5173.0000 
112.8000 5381.0000 5258.0000 5276.0000 5281.0000 5533.0000 5412.0000 5402.0000 5341.0000 
113.0000 5100.0000 5292.0000 5079.0000 5241.0000 5342.0000 5093.0000 5182.0000 5257.0000 
113.2000 5502.0000 5425.0000 5403.0000 5447.0000 5347.0000 5499.0000 5497.0000 5360.0000 
113.4000 5267.0000 5204.0000 5127.0000 5183.0000 5203.0000 5135.0000 5453.0000 5329.0000 
113.6000 5466.0000 5273.0000 5250.0000 5268.0000 5355.0000 5451.0000 5623.0000 5302.0000 
113.8000 5392.0000 5070.0000 5101.0000 5051.0000 5118.0000 5260.0000 5212.0000 5028.0000 
114.0000 5503.0000 5340.0000 5384.0000 5213.0000 5290.0000 5309.0000 5333.0000 5391.0000 
114.2000 5263.0000 5246.0000 5082.0000 5142.0000 5163.0000 5091.0000 5279.0000 5091.0000 
114.4000 5420.0000 5436.0000 5247.0000 5302.0000 5318.0000 5528.0000 5366.0000 5318.0000 
114.6000 5265.0000 5135.0000 5112.0000 5048.0000 5039.0000 5163.0000 5255.0000 5098.0000 
114.8000 5330.0000 5299.0000 5237.0000 5483.0000 5453.0000 5330.0000 5570.0000 5473.0000 
115.0000 5224.0000 5159.0000 5138.0000 4872.0000 5217.0000 5135.0000 5185.0000 5093.0000 
115.2000 5449.0000 5317.0000 5246.0000 5263.0000 5381.0000 5267.0000 5419.0000 5420.0000 
115.4000 5322.0000 5228.0000 5223.0000 5115.0000 5284.0000 5155.0000 5147.0000 5202.0000 
115.6000 5340.0000 5491.0000 5360.0000 5377.0000 5580.0000 5301.0000 5363.0000 5464.0000 
115.8000 5236.0000 5155.0000 5228.0000 5144.0000 5363.0000 5137.0000 5311.0000 5157.0000 
116.0000 5391.0000 5479.0000 5280.0000 5275.0000 5359.0000 5362.0000 5645.0000 5337.0000 
116.2000 5338.0000 5288.0000 4941.0000 5106.0000 5242.0000 5111.0000 5369.0000 5156.0000 
116.4000 5437.0000 5486.0000 5157.0000 5299.0000 5417.0000 5429.0000 5528.0000 5298.0000 
116.6000 5303.0000 5108.0000 4939.0000 5182.0000 5293.0000 5060.0000 5363.0000 5172.0000 
116.8000 5473.0000 5359.0000 5395.0000 5247.0000 5445.0000 5369.0000 5447.0000 5417.0000 
117.0000 5129.0000 5152.0000 5236.0000 5046.0000 5101.0000 5328.0000 5328.0000 5085.0000 
117.2000 5515.0000 5436.0000 5311.0000 5420.0000 5549.0000 5267.0000 5534.0000 5471.0000 
117.4000 5382.0000 5265.0000 5043.0000 5196.0000 5288.0000 4990.0000 5164.0000 4954.0000 
117.6000 5355.0000 5243.0000 5291.0000 5299.0000 5245.0000 5489.0000 5502.0000 5370.0000 
117.8000 5243.0000 5184.0000 5175.0000 5086.0000 5143.0000 5112.0000 5215.0000 5225.0000 
118.0000 5420.0000 5447.0000 5294.0000 5276.0000 5450.0000 5263.0000 5487.0000 5489.0000 
118.2000 5263.0000 5111.0000 5136.0000 4947.0000 5160.0000 5113.0000 5209.0000 5068.0000 
118.4000 5449.0000 5252.0000 5147.0000 5403.0000 5522.0000 5239.0000 5548.0000 5269.0000 
118.6000 5210.0000 5066.0000 5020.0000 5087.0000 5420.0000 5171.0000 5292.0000 5171.0000 
118.8000 5427.0000 5391.0000 5265.0000 5411.0000 5386.0000 5460.0000 5423.0000 5395.0000 
119.0000 5185.0000 5153.0000 5173.0000 4974.0000 5195.0000 5100.0000 5229.0000 5259.0000 
119.2000 5404.0000 5445.0000 5199.0000 5214.0000 5335.0000 5441.0000 5469.0000 5515.0000 
119.4000 5271.0000 5127.0000 5051.0000 5150.0000 5274.0000 5004.0000 5183.0000 5385.0000 
119.6000 5517.0000 5521.0000 5408.0000 5413.0000 5344.0000 5414.0000 5549.0000 5458.0000 
119.8000 5330.0000 5243.0000 5131.0000 5199.0000 5191.0000 5094.0000 5187.0000 5251.0000 
120.0000 5521.0000 5310.0000 5342.0000 5188.0000 5504.0000 5359.0000 5461.0000 5378.0000 
120.2000 5291.0000 5318.0000 5079.0000 4998.0000 5208.0000 5039.0000 5331.0000 5168.0000 
120.4000 5429.0000 5408.0000 5237.0000 5156.0000 5322.0000 5346.0000 5367.0000 5293.0000 
120.6000 5395.0000 5152.0000 5214.0000 5086.0000 5251.0000 5074.0000 5325.0000 5237.0000 
120.8000 5368.0000 5467.0000 5320.0000 5259.0000 5244.0000 5254.0000 5498.0000 5436.0000 
121.0000 5355.0000 5140.0000 4952.0000 5144.0000 5058.0000 4987.0000 5189.0000 5154.0000 
121.2000 5436.0000 5423.0000 5254.0000 5229.0000 5372.0000 5404.0000 5403.0000 5502.0000 
121.4000 5209.0000 5121.0000 5020.0000 4949.0000 5227.0000 5040.0000 5228.0000 5228.0000 
121.6000 5305.0000 5261.0000 5406.0000 5299.0000 5464.0000 5246.0000 5454.0000 5272.0000 
121.8000 5235.0000 5272.0000 5179.0000 5260.0000 5181.0000 5115.0000 5180.0000 5276.0000 
122.0000 5411.0000 5290.0000 5251.0000 5388.0000 5513.0000 5222.0000 5441.0000 5353.0000 
122.2000 5377.0000 5223.0000 5216.0000 5146.0000 5163.0000 5260.0000 5348.0000 5265.0000 
122.4000 5531.0000 5311.0000 5399.0000 5328.0000 5476.0000 5441.0000 5552.0000 5398.0000 
122.6000 5209.0000 5262.0000 5146.0000 5244.0000 5168.0000 5020.0000 5239.0000 5130.0000 
122.8000 5460.0000 5451.0000 5346.0000 5332.0000 5555.0000 5345.0000 5512.0000 5448.0000 
123.0000 5107.0000 5077.0000 5143.0000 5103.0000 5194.0000 5138.0000 5358.0000 5079.0000 
123.2000 5523.0000 5351.0000 5263.0000 5316.0000 5455.0000 5359.0000 5350.0000 5474.0000 
123.4000 5247.0000 5018.0000 4944.0000 5251.0000 5159.0000 5124.0000 5224.0000 5273.0000 
123.6000 5398.0000 5343.0000 5240.0000 5308.0000 5543.0000 5326.0000 5448.0000 5484.0000 
123.8000 5182.0000 5089.0000 4976.0000 5031.0000 5151.0000 5098.0000 5315.0000 5226.0000 
124.0000 5600.0000 5278.0000 5263.0000 5240.0000 5339.0000 5440.0000 5433.0000 5346.0000 
124.2000 5093.0000 5173.0000 5130.0000 5022.0000 5232.0000 5037.0000 5216.0000 5260.0000 
124.4000 5514.0000 5480.0000 5444.0000 5358.0000 5373.0000 5281.0000 5507.0000 5470.0000 
124.6000 5145.0000 5198.0000 5145.0000 4874.0000 5177.0000 5147.0000 5325.0000 5164.0000 
124.8000 5347.0000 5560.0000 5367.0000 5221.0000 5367.0000 5372.0000 5339.0000 5384.0000 
125.0000 5388.0000 5143.0000 5039.0000 5152.0000 5087.0000 5041.0000 5337.0000 5174.0000 
125.2000 5464.0000 5473.0000 5286.0000 5395.0000 5433.0000 5317.0000 5503.0000 5375.0000 
125.4000 5107.0000 5268.0000 5069.0000 5139.0000 5108.0000 5165.0000 5241.0000 5303.0000 
125.6000 5366.0000 5422.0000 5220.0000 5219.0000 5223.0000 5470.0000 5574.0000 5294.0000 
125.8000 5353.0000 5133.0000 5039.0000 5018.0000 5207.0000 5227.0000 5198.0000 5208.0000 
126.0000 5485.0000 5580.0000 5576.0000 5335.0000 5434.0000 5399.0000 5564.0000 5531.0000 
126.2000 5339.0000 5202.0000 5094.0000 5302.0000 5186.0000 5265.0000 5387.0000 5257.0000 
126.4000 5398.0000 5496.0000 5331.0000 5187.0000 5587.0000 5304.0000 5480.0000 5428.0000 
126.6000 5147.0000 5278.0000 5222.0000 5044.0000 5184.0000 5191.0000 5309.0000 5128.0000 
126.8000 5539.0000 5337.0000 5374.0000 5284.0000 5477.0000 5155.0000 5613.0000 5452.0000 
127.0000 5250.0000 5191.0000 5108.0000 5359.0000 5132.0000 5093.0000 5500.0000 5230.0000 
127.2000 5321.0000 5465.0000 5255.0000 5358.0000 5391.0000 5379.0000 5435.0000 5488.0000 
127.4000 5240.0000 5113.0000 5220.0000 4931.0000 5139.0000 5261.0000 5266.0000 5293.0000 
127.6000 5512.0000 5201.0000 5374.0000 5200.0000 5433.0000 5310.0000 5433.0000 5545.0000 
127.8000 5171.0000 5297.0000 5093.0000 5109.0000 5062.0000 5146.0000 5375.0000 5267.0000 
128.0000 5546.0000 5354.0000 5386.0000 5473.0000 5495.0000 5516.0000 5300.0000 5486.0000 
128.2000 5304.0000 5172.0000 4982.0000 5053.0000 5232.0000 5086.0000 5343.0000 5203.0000 
128.4000 5428.0000 5401.0000 5384.0000 5225.0000 5490.0000 5255.0000 5412.0000 5495.0000 
128.6000 5116.0000 5151.0000 5203.0000 5176.0000 5324.0000 5193.0000 5258.0000 5224.0000 
128.8000 5522.0000 5283.0000 5504.0000 5389.0000 5476.0000 5308.0000 5293.0000 5499.0000 
129.0000 5261.0000 5247.0000 5074.0000 5195.0000 5199.0000 5126.0000 5430.0000 5137.0000 
129.2000 5389.0000 5322.0000 5235.0000 5280.0000 5358.0000 5305.0000 5572.0000 5396.0000 
129.4000 5196.0000 5333.0000 5228.0000 5112.0000 5129.0000 5133.0000 5292.0000 5265.0000 
129.6000 5478.0000 5295.0000 5371.0000 5290.0000 5494.0000 5205.0000 5430.0000 5443.0000 
129.8000 5211.0000 5152.0000 5090.0000 4971.0000 5279.0000 5034.0000 5187.0000 5152.0000 
130.0000 5406.0000 5334.0000 5149.0000 5205.0000 5426.0000 5193.0000 5376.0000 5397.0000 
130.2000 5297.0000 5313.0000 5153.0000 5179.0000 5303.0000 5156.0000 5293.0000 5214.0000 
130.4000 5432.0000 5182.0000 5492.0000 5355.0000 5492.0000 5215.0000 5688.0000 5468.0000 
130.6000 5190.0000 5148.0000 5099.0000 5128.0000 5067.0000 5277.0000 5216.0000 5175.0000 
130.8000 5418.0000 5447.0000 5242.0000 5184.0000 5409.0000 5305.0000 5594.0000 5276.0000 
131.0000 5227.0000 5206.0000 5171.0000 5177.0000 5312.0000 5139.0000 5275.0000 5152.0000 
131.2000 5403.0000 5418.0000 5176.0000 5247.0000 5432.0000 5288.0000 5492.0000 5147.0000 
131.4000 5303.0000 5218.0000 5137.0000 5126.0000 5251.0000 5098.0000 5522.0000 5171.0000 
131.6000 5550.0000 5444.0000 5307.0000 5171.0000 5363.0000 5325.0000 5497.0000 5389.0000 
131.8000 5426.0000 5156.0000 5287.0000 5196.0000 5219.0000 5110.0000 5266.0000 5195.0000 
132.0000 5567.0000 5326.0000 5375.0000 5301.0000 5406.0000 5220.0000 5398.0000 5367.0000 
132.2000 5309.0000 5068.0000 5186.0000 5004.0000 5144.0000 5257.0000 5271.0000 5232.0000 
132.4000 5410.0000 5392.0000 5311.0000 5522.0000 5386.0000 5450.0000 5606.0000 5461.0000 
132.6000 5235.0000 5125.0000 5077.0000 5147.0000 5249.0000 4986.0000 5254.0000 5335.0000 
132.8000 5521.0000 5237.0000 5377.0000 5258.0000 5310.0000 5418.0000 5597.0000 5632.0000 
133.0000 5219.0000 5303.0000 5171.0000 5083.0000 5171.0000 5162.0000 5168.0000 5078.0000 
133.2000 5603.0000 5443.0000 5399.0000 5288.0000 5424.0000 5407.0000 5469.0000 5403.0000 
133.4000 5113.0000 5199.0000 4861.0000 5060.0000 5185.0000 5203.0000 5280.0000 5170.0000 
133.6000 5557.0000 5361.0000 5320.0000 5442.0000 5400.0000 5356.0000 5412.0000 5486.0000 
133.8000 5279.0000 5243.0000 5079.0000 5027.0000 5085.0000 4957.0000 5187.0000 5249.0000 
134.0000 5498.0000 5435.0000 5363.0000 5254.0000 5493.0000 5501.0000 5506.0000 5429.0000 
134.2000 5233.0000 5135.0000 5075.0000 4890.0000 5200.0000 5008.0000 5267.0000 5024.0000 
134.4000 5422.0000 5136.0000 5295.0000 5457.0000 5364.0000 5481.0000 5404.0000 5184.0000 
134.6000 5283.0000 5150.0000 5135.0000 5035.0000 5077.0000 5064.0000 5428.0000 5031.0000 
134.8000 5424.0000 5282.0000 5154.0000 5345.0000 5422.0000 5452.0000 5428.0000 5439.0000 
135.0000 5222.0000 5144.0000 4941.0000 5171.0000 5074.0000 5190.0000 5204.0000 5246.0000 
135.2000 5448.0000 5309.0000 5209.0000 5364.0000 5366.0000 5342.0000 5502.0000 5253.0000 
135.4000 5192.0000 5194.0000 5121.0000 5139.0000 5312.0000 5103.0000 5178.0000 5161.0000 
135.6000 5488.0000 5389.0000 5175.0000 5126.0000 5457.0000 5481.0000 5447.0000 5390.0000 
135.8000 5286.0000 5297.0000 5147.0000 5018.0000 5117.0000 5169.0000 5246.0000 5231.0000 
136.0000 5451.0000 5340.0000 5209.0000 5275.0000 5326.0000 5431.0000 5363.0000 5294.0000 
136.2000 5249.0000 5235.0000 5145.0000 5105.0000 5251.0000 5143.0000 5270.0000 5168.0000 
136.4000 5418.0000 5320.0000 5434.0000 5235.0000 5510.0000 5475.0000 5445.0000 5394.0000 
136.6000 5386.0000 5350.0000 5094.0000 5063.0000 5307.0000 5153.0000 5342.0000 5279.0000 
136.8000 5397.0000 5432.0000 5316.0000 5138.0000 5379.0000 5381.0000 5555.0000 5325.0000 
137.0000 5229.0000 5228.0000 5139.0000 5137.0000 5254.0000 5268.0000 5360.0000 4984.0000 
137.2000 5440.0000 5540.0000 5300.0000 5297.0000 5473.0000 5316.0000 5525.0000 5324.0000 
137.4000 5217.0000 5037.0000 5137.0000 5057.0000 5109.0000 5039.0000 5183.0000 5056.0000 
137.6000 5482.0000 5385.0000 5311.0000 5343.0000 5467.0000 5491.0000 5335.0000 5424.0000 
137.8000 5372.0000 5124.0000 5086.0000 5123.0000 5241.0000 4992.0000 5293.0000 5107.0000 
138.0000 5373.0000 5319.0000 5301.0000 5419.0000 5370.0000 5231.0000 5502.0000 5510.0000 
138.2000 5203.0000 5281.0000 5086.0000 5306.0000 5209.0000 5241.0000 5306.0000 5273.0000 
138.4000 5486.0000 5430.0000 5312.0000 5457.0000 5511.0000 5336.0000 5512.0000 5317.0000 
138.6000 5353.0000 5219.0000 5120.0000 5076.0000 5294.0000 5215.0000 5092.0000 5252.0000 
138.8000 5397.0000 5554.0000 5339.0000 5589.0000 5481.0000 5436.0000 5553.0000 5445.0000 
139.0000 5332.0000 5210.0000 5262.0000 5271.0000 5289.0000 5107.0000 5333.0000 5177.0000 
139.2000 5317.0000 5310.0000 5130.0000 5343.0000 5343.0000 5367.0000 5538.0000 5390.0000 
139.4000 5220.0000 5169.0000 5149.0000 5093.0000 5041.0000 5177.0000 5319.0000 5139.0000 
139.6000 5336.0000 5341.0000 5328.0000 5307.0000 5307.0000 5406.0000 5605.0000 5415.0000 
139.8000 5392.0000 5070.0000 5019.0000 5208.0000 5183.0000 5099.0000 5284.0000 5187.0000 
140.0000 5579.0000 5272.0000 5374.0000 5306.0000 5455.0000 5322.0000 5509.0000 5550.0000 
140.2000 5279.0000 5022.0000 5193.0000 5032.0000 5125.0000 5050.0000 5300.0000 5068.0000 
140.4000 5408.0000 5458.0000 5415.0000 5258.0000 5237.0000 5406.0000 5543.0000 5403.0000 
140.6000 5267.0000 5193.0000 5178.0000 5096.0000 5149.0000 5042.0000 5279.0000 5271.0000 
140.8000 5444.0000 5412.0000 5246.0000 5287.0000 5408.0000 5272.0000 5579.0000 5273.0000 
141.0000 5296.0000 5035.0000 5007.0000 5198.0000 5170.0000 5043.0000 5372.0000 5265.0000 
141.2000 5284.0000 5371.0000 5255.0000 5250.0000 5156.0000 5438.0000 5379.0000 5388.0000 
141.4000 5312.0000 5228.0000 5204.0000 5071.0000 5225.0000 5073.0000 5241.0000 5235.0000 
141.6000 5403.0000 5285.0000 5314.0000 5342.0000 5312.0000 5169.0000 5474.0000 5413.0000 
141.8000 5220.0000 5254.0000 5050.0000 4973.0000 5204.0000 5030.0000 5307.0000 5188.0000 
142.0000 5387.0000 5403.0000 5331.0000 5430.0000 5430.0000 5467.0000 5626.0000 5293.0000 
142.2000 5240.0000 5219.0000 5019.0000 5007.0000 5153.0000 5228.0000 5351.0000 5125.0000 
142.4000 5468.0000 5502.0000 5374.0000 5261.0000 5257.0000 5178.0000 5241.0000 5361.0000 
142.6000 5046.0000 5121.0000 5176.0000 5139.0000 5307.0000 5132.0000 5415.0000 5135.0000 
142.8000 5377.0000 5431.0000 5303.0000 5305.0000 5439.0000 5276.0000 5468.0000 5416.0000 
143.0000 5254.0000 5103.0000 5158.0000 5132.0000 5211.0000 5170.0000 5316.0000 5190.0000 
143.2000 5341.0000 5421.0000 5387.0000 5417.0000 5365.0000 5347.0000 5567.0000 5500.0000 
143.4000 5171.0000 5191.0000 4987.0000 5050.0000 5275.0000 5191.0000 5202.0000 5361.0000 
143.6000 5559.0000 5437.0000 5272.0000 5280.0000 5498.0000 5319.0000 5547.0000 5506.0000 
143.8000 5198.0000 5193.0000 5022.0000 5035.0000 5334.0000 5299.0000 5283.0000 5304.0000 
144.0000 5431.0000 5445.0000 5229.0000 5281.0000 5301.0000 5235.0000 5567.0000 5478.0000 
144.2000 5249.0000 5131.0000 5008.0000 5203.0000 5150.0000 5168.0000 5227.0000 5019.0000 
144.4000 5225.0000 5304.0000 5333.0000 5359.0000 5371.0000 5374.0000 5599.0000 5469.0000 
144.6000 5168.0000 5027.0000 5068.0000 5205.0000 5284.0000 5168.0000 5331.0000 5127.0000 
144.8000 5327.0000 5587.0000 5494.0000 5346.0000 5349.0000 5289.0000 5633.0000 5592.0000 
145.0000 5240.0000 5210.0000 5084.0000 5127.0000 5245.0000 5178.0000 5083.0000 5164.0000 
145.2000 5535.0000 5292.0000 5325.0000 5304.0000 5454.0000 5371.0000 5602.0000 5609.0000 
145.4000 5193.0000 5070.0000 5073.0000 5176.0000 5302.0000 5216.0000 5355.0000 5027.0000 
145.6000 5405.0000 5468.0000 5401.0000 5083.0000 5322.0000 5377.0000 5526.0000 5414.0000 
145.8000 5097.0000 5012.0000 5142.0000 5118.0000 5331.0000 5209.0000 5335.0000 5154.0000 
146.0000 5447.0000 5412.0000 5094.0000 5229.0000 5497.0000 5257.0000 5607.0000 5257.0000 
146.2000 5239.0000 5173.0000 5267.0000 5193.0000 5346.0000 5171.0000 5266.0000 5198.0000 
146.4000 5422.0000 5362.0000 5285.0000 5300.0000 5348.0000 5471.0000 5353.0000 5452.0000 
146.6000 5133.0000 5204.0000 4928.0000 4968.0000 5109.0000 5038.0000 5245.0000 5165.0000 
146.8000 5373.0000 5430.0000 5255.0000 5328.0000 5371.0000 5379.0000 5376.0000 5470.0000 
147.0000 5203.0000 5140.0000 5126.0000 5163.0000 5192.0000 5120.0000 5440.0000 5140.0000 
147.2000 5393.0000 5350.0000 5395.0000 5332.0000 5171.0000 5314.0000 5404.0000 5516.0000 
147.4000 5176.0000 5069.0000 5089.0000 5201.0000 5200.0000 5083.0000 5094.0000 5164.0000 
147.6000 5497.0000 5376.0000 5389.0000 5289.0000 5359.0000 5322.0000 5566.0000 5417.0000 
147.8000 5202.0000 5139.0000 5134.0000 5022.0000 5215.0000 5047.0000 5157.0000 5426.0000 
148.0000 5450.0000 5421.0000 5354.0000 5409.0000 5402.0000 5361.0000 5508.0000 5501.0000 
148.2000 5263.0000 5161.0000 5243.0000 5113.0000 4958.0000 5039.0000 5204.0000 5083.0000 
148.4000 5493.0000 5272.0000 5340.0000 5234.0000 5381.0000 5298.0000 5653.0000 5458.0000 
148.6000 5180.0000 5158.0000 5067.0000 5097.0000 5131.0000 5272.0000 5181.0000 5336.0000 
148.8000 5458.0000 5370.0000 5089.0000 5551.0000 5357.0000 5381.0000 5520.0000 5439.0000 
149.0000 5262.0000 5213.0000 5294.0000 5084.0000 5261.0000 5149.0000 5235.0000 5133.0000 
149.2000 5314.0000 5352.0000 5317.0000 5321.0000 5479.0000 5304.0000 5587.0000 5430.0000 
149.4000 5273.0000 5146.0000 5073.0000 5138.0000 5340.0000 5146.0000 5356.0000 5259.0000 
149.6000 5364.0000 5282.0000 5335.0000 5394.0000 5288.0000 5271.0000 5573.0000 5282.0000 
149.8000 5294.0000 5078.0000 5076.0000 5046.0000 5229.0000 5065.0000 5225.0000 5265.0000 
150.0000 5373.0000 5273.0000 5392.0000 5257.0000 5393.0000 5369.0000 5469.0000 5361.0000 
150.2000 5167.0000 5221.0000 5068.0000 5186.0000 5155.0000 5233.0000 5275.0000 5128.0000 
150.4000 5315.0000 5426.0000 5377.0000 5240.0000 5526.0000 5358.0000 5459.0000 5438.0000 
150.6000 5190.0000 5267.0000 5134.0000 5191.0000 5265.0000 5107.0000 5457.0000 5141.0000 
150.8000 5303.0000 5309.0000 5213.0000 5243.0000 5398.0000 5241.0000 5457.0000 5436.0000 
151.0000 5154.0000 5215.0000 5157.0000 4935.0000 5092.0000 5118.0000 5152.0000 5328.0000 
151.2000 5240.0000 5330.0000 5452.0000 5153.0000 5316.0000 5401.0000 5465.0000 5286.0000 
151.4000 5296.0000 5201.0000 5072.0000 5084.0000 5195.0000 5122.0000 5203.0000 5238.0000 
151.6000 5624.0000 5312.0000 5455.0000 5275.0000 5293.0000 5561.0000 5673.0000 5484.0000 
151.8000 5312.0000 5158.0000 5156.0000 5229.0000 5469.0000 5179.0000 5349.0000 5207.0000 
152.0000 5482.0000 5338.0000 5402.0000 5354.0000 5472.0000 5487.0000 5552.0000 5328.0000 
152.2000 5367.0000 5248.0000 5026.0000 5088.0000 5273.0000 5075.0000 5298.0000 5218.0000 
152.4000 5440.0000 5419.0000 5411.0000 5328.0000 5289.0000 5330.0000 5545.0000 5435.0000 
152.6000 5238.0000 5249.0000 5162.0000 5213.0000 5252.0000 5157.0000 5473.0000 5176.0000 
152.8000 5545.0000 5305.0000 5332.0000 5286.0000 5349.0000 5450.0000 5580.0000 5330.0000 
153.0000 5305.0000 5137.0000 5010.0000 5184.0000 5119.0000 5043.0000 5283.0000 5234.0000 
153.2000 5392.0000 5401.0000 5421.0000 5440.0000 5423.0000 5312.0000 5549.0000 5265.0000 
153.4000 5250.0000 5081.0000 5213.0000 5039.0000 5246.0000 5009.0000 5184.0000 5216.0000 
153.6000 5386.0000 5480.0000 5296.0000 5259.0000 5349.0000 5189.0000 5485.0000 5479.0000 
153.8000 5244.0000 5114.0000 5151.0000 5163.0000 5134.0000 5118.0000 5311.0000 5086.0000 
154.0000 5481.0000 5302.0000 5429.0000 5363.0000 5448.0000 5444.0000 5367.0000 5498.0000 
154.2000 5219.0000 5110.0000 5065.0000 5145.0000 5121.0000 5231.0000 5259.0000 5131.0000 
154.4000 5326.0000 5352.0000 5257.0000 5267.0000 5219.0000 5281.0000 5493.0000 5459.0000 
154.6000 5274.0000 5233.0000 5036.0000 5096.0000 5131.0000 4941.0000 5364.0000 5201.0000 
154.8000 5310.0000 5435.0000 5281.0000 5308.0000 5279.0000 5282.0000 5581.0000 5499.0000 
155.0000 5265.0000 5126.0000 4991.0000 5194.0000 5202.0000 5150.0000 5310.0000 5132.0000 
155.2000 5417.0000 5234.0000 5328.0000 5204.0000 5279.0000 5168.0000 5438.0000 5405.0000 
155.4000 5369.0000 5271.0000 5099.0000 4975.0000 5257.0000 5103.0000 5145.0000 5199.0000 
155.6000 5467.0000 5357.0000 5349.0000 5510.0000 5437.0000 5215.0000 5519.0000 5409.0000 
155.8000 5154.0000 5114.0000 5106.0000 5253.0000 5175.0000 5084.0000 5421.0000 5113.0000 
156.0000 5419.0000 5377.0000 5274.0000 5468.0000 5379.0000 5235.0000 5398.0000 5384.0000 
156.2000 5159.0000 5161.0000 5096.0000 5036.0000 5173.0000 4961.0000 5220.0000 5089.0000 
156.4000 5302.0000 5419.0000 5378.0000 5330.0000 5454.0000 5381.0000 5577.0000 5321.0000 
156.6000 5092.0000 5256.0000 5167.0000 5118.0000 5246.0000 5230.0000 5218.0000 5211.0000 
156.8000 5431.0000 5303.0000 5352.0000 5287.0000 5621.0000 5216.0000 5410.0000 5302.0000 
157.0000 5343.0000 5174.0000 5200.0000 5108.0000 5011.0000 5057.0000 5181.0000 5082.0000 
157.2000 5307.0000 5296.0000 5237.0000 5321.0000 5371.0000 5299.0000 5546.0000 5564.0000 
157.4000 5178.0000 5181.0000 5134.0000 4925.0000 4987.0000 5036.0000 5205.0000 5212.0000 
157.6000 5331.0000 5433.0000 5352.0000 5171.0000 5388.0000 5370.0000 5503.0000 5349.0000 
157.8000 5333.0000 5233.0000 5086.0000 5152.0000 5302.0000 5208.0000 5275.0000 5138.0000 
158.0000 5395.0000 5422.0000 5451.0000 5438.0000 5474.0000 5314.0000 5639.0000 5494.0000 
158.2000 5312.0000 5341.0000 4985.0000 5079.0000 5301.0000 5256.0000 5289.0000 5239.0000 
158.4000 5502.0000 5280.0000 5314.0000 5392.0000 5408.0000 5157.0000 5413.0000 5454.0000 
158.6000 5226.0000 5298.0000 5206.0000 5032.0000 5183.0000 5036.0000 5442.0000 5146.0000 
158.8000 5583.0000 5421.0000 5267.0000 5151.0000 5562.0000 5415.0000 5427.0000 5564.0000 
159.0000 5267.0000 5097.0000 5127.0000 5067.0000 5170.0000 5050.0000 5171.0000 5068.0000 
159.2000 5364.0000 5294.0000 5317.0000 5238.0000 5435.0000 5229.0000 5456.0000 5474.0000 
159.4000 5208.0000 5186.0000 4956.0000 5215.0000 5174.0000 5182.0000 5342.0000 5195.0000 
159.6000 5259.0000 5250.0000 5312.0000 5352.0000 5245.0000 5262.0000 5451.0000 5334.0000 
159.8000 5268.0000 5300.0000 5037.0000 5197.0000 5200.0000 5274.0000 5222.0000 5178.0000 
160.0000 5297.0000 5242.0000 5252.0000 5276.0000 5405.0000 5374.0000 5450.0000 5394.0000 
160.2000 5258.0000 5129.0000 4995.0000 5067.0000 5146.0000 5167.0000 5282.0000 5401.0000 
160.4000 5338.0000 5502.0000 5263.0000 5232.0000 5494.0000 5383.0000 5506.0000 5261.0000 
160.6000 5382.0000 5149.0000 5001.0000 5194.0000 5178.0000 5137.0000 5233.0000 5247.0000 
160.8000 5519.0000 5255.0000 5242.0000 5207.0000 5317.0000 5391.0000 5637.0000 5370.0000 
161.0000 5298.0000 5093.0000 5133.0000 5040.0000 5063.0000 5160.0000 5262.0000 5105.0000 
161.2000 5363.0000 5496.0000 5451.0000 5321.0000 5482.0000 5489.0000 5478.0000 5465.0000 
161.4000 5196.0000 5079.0000 5125.0000 5025.0000 5345.0000 5215.0000 5086.0000 5270.0000 
161.6000 5301.0000 5267.0000 5302.0000 5306.0000 5387.0000 5449.0000 5504.0000 5502.0000 
161.8000 5266.0000 5311.0000 5009.0000 5000.0000 5134.0000 5097.0000 5249.0000 5221.0000 
162.0000 5470.0000 5440.0000 5331.0000 5256.0000 5483.0000 5439.0000 5509.0000 5377.0000 
162.2000 5261.0000 5060.0000 5213.0000 5185.0000 5289.0000 5244.0000 5213.0000 5148.0000 
162.4000 5375.0000 5364.0000 5332.0000 5373.0000 5404.0000 5496.0000 5596.0000 5375.0000 
162.6000 5337.0000 5026.0000 5022.0000 5143.0000 5159.0000 5076.0000 5323.0000 5150.0000 
162.8000 5327.0000 5407.0000 5344.0000 5301.0000 5411.0000 5211.0000 5501.0000 5334.0000 
163.0000 5357.0000 5125.0000 5155.0000 5043.0000 5254.0000 5167.0000 5322.0000 5245.0000 
163.2000 5538.0000 5417.0000 5366.0000 5254.0000 5422.0000 5311.0000 5561.0000 5353.0000 
163.4000 5235.0000 5227.0000 5021.0000 4971.0000 5077.0000 5146.0000 5238.0000 5171.0000 
163.6000 5432.0000 5284.0000 5284.0000 5211.0000 5460.0000 5353.0000 5580.0000 5457.0000 
163.8000 5242.0000 5226.0000 5005.0000 5076.0000 5242.0000 5181.0000 5261.0000 5254.0000 
164.0000 5417.0000 5425.0000 5399.0000 5196.0000 5367.0000 5310.0000 5423.0000 5472.0000 
164.2000 5280.0000 5216.0000 5060.0000 5108.0000 5251.0000 5111.0000 5519.0000 5261.0000 
164.4000 5550.0000 5631.0000 5313.0000 5514.0000 5611.0000 5393.0000 5584.0000 5459.0000 
164.6000 5279.0000 5193.0000 5152.0000 5177.0000 5055.0000 5251.0000 5321.0000 5259.0000 
164.8000 5396.0000 5323.0000 5322.0000 5359.0000 5392.0000 5335.0000 5304.0000 5603.0000 
165.0000 5450.0000 5199.0000 5011.0000 5011.0000 5194.0000 5172.0000 5257.0000 5267.0000 
165.2000 5441.0000 5340.0000 5389.0000 5347.0000 5533.0000 5479.0000 5607.0000 5319.0000 
165.4000 5339.0000 5144.0000 5056.0000 5117.0000 5052.0000 5245.0000 5131.0000 5168.0000 
165.6000 5459.0000 5373.0000 5341.0000 5307.0000 5482.0000 5399.0000 5647.0000 5555.0000 
165.8000 5183.0000 5291.0000 4927.0000 5011.0000 5076.0000 5193.0000 5319.0000 5094.0000 
166.0000 5489.0000 5278.0000 5393.0000 5406.0000 5401.0000 5252.0000 5572.0000 5485.0000 
166.2000 5021.0000 5212.0000 5098.0000 5180.0000 5138.0000 5103.0000 5200.0000 5274.0000 
166.4000 5497.0000 5382.0000 5209.0000 5238.0000 5493.0000 5307.0000 5523.0000 5499.0000 
166.6000 5343.0000 5038.0000 5115.0000 5164.0000 5204.0000 5189.0000 5223.0000 5259.0000 
166.8000 5327.0000 5414.0000 5425.0000 5482.0000 5329.0000 5305.0000 5387.0000 5321.0000 
167.0000 5209.0000 5133.0000 5154.0000 5069.0000 5281.0000 5121.0000 5241.0000 5199.0000 
167.2000 5370.0000 5418.0000 5303.0000 5243.0000 5317.0000 5267.0000 5390.0000 5397.0000 
167.4000 5355.0000 5037.0000 5241.0000 5104.0000 5129.0000 5200.0000 5226.0000 5057.0000 
167.6000 5439.0000 5345.0000 5261.0000 5345.0000 5309.0000 5205.0000 5484.0000 5403.0000 
167.8000 5412.0000 5173.0000 5267.0000 5068.0000 5261.0000 5183.0000 5224.0000 5135.0000 
168.0000 5272.0000 5448.0000 5275.0000 5281.0000 5371.0000 5309.0000 5588.0000 5420.0000 
168.2000 5377.0000 5096.0000 5214.0000 5161.0000 5092.0000 5129.0000 5303.0000 5214.0000 
168.4000 5356.0000 5416.0000 5267.0000 5316.0000 5336.0000 5373.0000 5555.0000 5288.0000 
168.6000 5310.0000 5168.0000 5009.0000 5048.0000 5156.0000 5175.0000 5182.0000 5217.0000 
168.8000 5503.0000 5188.0000 5210.0000 5421.0000 5316.0000 5314.0000 5568.0000 5311.0000 
169.0000 5373.0000 5284.0000 5180.0000 5147.0000 5183.0000 5073.0000 5260.0000 5144.0000 
169.2000 5472.0000 5436.0000 5278.0000 5288.0000 5392.0000 5291.0000 5461.0000 5400.0000 
169.4000 5250.0000 5121.0000 5248.0000 5054.0000 5144.0000 5052.0000 5394.0000 5177.0000 
169.6000 5413.0000 5466.0000 5287.0000 5414.0000 5490.0000 5223.0000 5595.0000 5365.0000 
169.8000 5341.0000 5197.0000 5149.0000 5055.0000 5223.0000 5088.0000 5244.0000 5153.0000 
170.0000 5384.0000 5288.0000 5314.0000 5347.0000 5512.0000 5389.0000 5561.0000 5451.0000 
170.2000 5323.0000 5290.0000 5107.0000 5053.0000 5271.0000 5212.0000 5319.0000 5115.0000 
170.4000 5422.0000 5420.0000 5199.0000 5275.0000 5325.0000 5511.0000 5447.0000 5357.0000 
170.6000 5199.0000 5316.0000 5105.0000 5235.0000 5291.0000 5035.0000 5283.0000 5096.0000 
170.8000 5546.0000 5437.0000 5471.0000 5427.0000 5439.0000 5515.0000 5626.0000 5514.0000 
171.0000 5323.0000 5058.0000 5127.0000 5071.0000 5113.0000 5180.0000 5317.0000 5297.0000 
171.2000 5277.0000 5531.0000 5219.0000 5223.0000 5376.0000 5386.0000 5440.0000 5345.0000 
171.4000 5110.0000 5151.0000 5075.0000 4980.0000 5184.0000 5163.0000 5315.0000 5075.0000 
171.6000 5395.0000 5363.0000 5311.0000 5429.0000 5404.0000 5287.0000 5413.0000 5442.0000 
171.8000 5292.0000 5206.0000 5083.0000 5134.0000 5333.0000 5160.0000 5336.0000 5346.0000 
172.0000 5456.0000 5379.0000 5355.0000 5360.0000 5530.0000 5381.0000 5594.0000 5535.0000 
172.2000 5395.0000 5226.0000 5036.0000 5013.0000 5183.0000 5236.0000 5134.0000 5060.0000 
172.4000 5493.0000 5281.0000 5377.0000 5341.0000 5505.0000 5303.0000 5473.0000 5378.0000 
172.6000 5233.0000 5014.0000 5178.0000 5101.0000 5215.0000 5030.0000 5362.0000 5308.0000 
172.8000 5456.0000 5470.0000 5415.0000 5370.0000 5340.0000 5184.0000 5422.0000 5459.0000 
173.0000 5209.0000 5129.0000 5114.0000 5074.0000 5272.0000 5108.0000 5390.0000 5211.0000 
173.2000 5314.0000 5512.0000 5283.0000 5338.0000 5448.0000 5529.0000 5639.0000 5430.0000 
173.4000 5346.0000 5084.0000 5031.0000 5297.0000 5113.0000 5048.0000 5449.0000 5107.0000 
173.6000 5371.0000 5379.0000 5183.0000 5303.0000 5341.0000 5395.0000 5459.0000 5387.0000 
173.8000 5304.0000 5141.0000 5089.0000 5065.0000 5253.0000 5094.0000 5284.0000 5202.0000 
174.0000 5360.0000 5279.0000 5393.0000 5302.0000 5242.0000 5216.0000 5458.0000 5301.0000 
174.2000 5397.0000 5151.0000 5124.0000 5266.0000 5291.0000 5090.0000 5320.0000 5196.0000 
174.4000 5473.0000 5496.0000 5268.0000 5151.0000 5347.0000 5376.0000 5480.0000 5466.0000 
174.6000 5549.0000 5377.0000 5287.0000 5527.0000 5327.0000 5311.0000 5529.0000 5349.0000 
174.8000 5764.0000 5701.0000 5619.0000 5628.0000 5698.0000 5646.0000 5777.0000 5795.0000 
175.0000 5600.0000 5465.0000 5300.0000 5441.0000 5531.0000 5303.0000 5667.0000 5396.0000 
175.2000 5652.0000 5521.0000 5563.0000 5608.0000 5610.0000 5721.0000 5752.0000 5869.0000 
175.4000 5474.0000 5428.0000 5292.0000 5157.0000 5451.0000 5363.0000 5523.0000 5593.0000 
175.6000 5740.0000 5660.0000 5596.0000 5707.0000 5691.0000 5662.0000 5741.0000 5717.0000 
175.8000 5262.0000 5253.0000 5086.0000 4987.0000 5130.0000 5135.0000 5189.0000 5147.0000 
176.0000 5416.0000 5165.0000 5263.0000 5194.0000 5312.0000 5400.0000 5601.0000 5451.0000 
176.2000 5328.0000 5031.0000 5102.0000 5228.0000 5180.0000 5204.0000 5119.0000 5234.0000 
176.4000 5624.0000 5479.0000 5208.0000 5541.0000 5493.0000 5392.0000 5516.0000 5538.0000 
176.6000 5263.0000 5224.0000 5260.0000 5078.0000 5281.0000 5125.0000 5213.0000 5328.0000 
176.8000 5448.0000 5368.0000 5374.0000 5334.0000 5488.0000 5383.0000 5496.0000 5514.0000 
177.0000 5261.0000 5231.0000 5056.0000 5139.0000 5240.0000 4945.0000 5315.0000 5263.0000 
177.2000 5423.0000 5442.0000 5391.0000 5367.0000 5396.0000 5444.0000 5601.0000 5587.0000 
177.4000 5514.0000 5582.0000 5248.0000 5224.0000 5374.0000 5516.0000 5445.0000 5397.0000 
177.6000 5313.0000 5521.0000 5344.0000 5465.0000 5525.0000 5368.0000 5512.0000 5433.0000 
177.8000 5501.0000 5454.0000 5375.0000 5431.0000 5417.0000 5389.0000 5601.0000 5531.0000 
178.0000 5446.0000 5492.0000 5298.0000 5316.0000 5574.0000 5360.0000 5631.0000 5480.0000 
178.2000 5478.0000 5464.0000 5261.0000 5259.0000 5482.0000 5436.0000 5527.0000 5334.0000 
178.4000 5497.0000 5255.0000 5395.0000 5449.0000 5583.0000 5411.0000 5456.0000 5497.0000 
178.6000 5383.0000 5436.0000 5369.0000 5318.0000 5504.0000 5338.0000 5389.0000 5399.0000 
178.8000 5469.0000 5478.0000 5454.0000 5339.0000 5633.0000 5383.0000 5468.0000 5481.0000 
179.0000 5564.0000 5386.0000 5441.0000 5423.0000 5382.0000 5391.0000 5607.0000 5396.0000 
179.2000 5555.0000 5357.0000 5409.0000 5366.0000 5503.0000 5492.0000 5622.0000 5409.0000 
179.4000 5506.0000 5476.0000 5425.0000 5343.0000 5479.0000 5525.0000 5586.0000 5520.0000 
179.6000 5390.0000 5427.0000 5321.0000 5373.0000 5518.0000 5465.0000 5656.0000 5560.0000 
179.8000 5537.0000 5455.0000 5380.0000 5389.0000 5431.0000 5437.0000 5407.0000 5384.0000 
180.0000 5402.0000 5430.0000 5288.0000 5403.0000 5490.0000 5377.0000 5452.0000 5562.0000 
180.2000 5520.0000 5425.0000 5306.0000 5160.0000 5489.0000 5482.0000 5526.0000 5418.0000 
180.4000 5534.0000 5434.0000 5290.0000 5293.0000 5441.0000 5425.0000 5503.0000 5433.0000 
180.6000 5516.0000 5521.0000 5395.0000 5280.0000 5338.0000 5337.0000 5552.0000 5476.0000 
180.8000 5456.0000 5444.0000 5370.0000 5290.0000 5564.0000 5412.0000 5487.0000 5362.0000 
181.0000 5499.0000 5365.0000 5396.0000 5398.0000 5531.0000 5154.0000 5599.0000 5472.0000 
181.2000 5518.0000 5415.0000 5381.0000 5455.0000 5363.0000 5493.0000 5545.0000 5404.0000 
181.4000 5460.0000 5356.0000 5505.0000 5324.0000 5301.0000 5208.0000 5575.0000 5436.0000 
181.6000 5543.0000 5277.0000 5385.0000 5288.0000 5367.0000 5434.0000 5453.0000 5333.0000 
181.8000 5390.0000 5485.0000 5421.0000 5226.0000 5411.0000 5290.0000 5499.0000 5516.0000 
182.0000 5613.0000 5417.0000 5273.0000 5316.0000 5370.0000 5374.0000 5595.0000 5424.0000 
182.2000 5455.0000 5334.0000 5420.0000 5283.0000 5541.0000 5426.0000 5513.0000 5379.0000 
182.4000 5348.0000 5357.0000 5390.0000 5403.0000 5305.0000 5390.0000 5564.0000 5510.0000 
182.6000 5464.0000 5597.0000 5322.0000 5394.0000 5342.0000 5421.0000 5389.0000 5477.0000 
182.8000 5364.0000 5374.0000 5403.0000 5343.0000 5489.0000 5273.0000 5422.0000 5555.0000 
183.0000 5487.0000 5462.0000 5319.0000 5289.0000 5263.0000 5355.0000 5545.0000 5461.0000 
183.2000 5673.0000 5314.0000 5296.0000 5270.0000 5410.0000 5300.0000 5548.0000 5683.0000 
183.4000 5482.0000 5598.0000 5342.0000 5326.0000 5524.0000 5304.0000 5627.0000 5360.0000 
183.6000 5424.0000 5492.0000 5515.0000 5269.0000 5326.0000 5303.0000 5586.0000 5502.0000 
183.8000 5513.0000 5270.0000 5308.0000 5208.0000 5533.0000 5373.0000 5544.0000 5632.0000 
184.0000 5403.0000 5339.0000 5376.0000 5153.0000 5456.0000 5522.0000 5560.0000 5421.0000 
184.2000 5552.0000 5425.0000 5374.0000 5392.0000 5480.0000 5429.0000 5347.0000 5441.0000 
184.4000 5549.0000 5349.0000 5164.0000 5195.0000 5371.0000 5395.0000 5580.0000 5544.0000 
184.6000 5548.0000 5326.0000 5317.0000 5249.0000 5216.0000 5473.0000 5620.0000 5351.0000 
184.8000 5602.0000 5383.0000 5268.0000 5441.0000 5359.0000 5455.0000 5579.0000 5357.0000 
185.0000 5550.0000 5328.0000 5468.0000 5294.0000 5428.0000 5474.0000 5560.0000 5362.0000 
185.2000 5444.0000 5280.0000 5356.0000 5547.0000 5252.0000 5328.0000 5595.0000 5560.0000 
185.4000 5539.0000 5370.0000 5420.0000 5233.0000 5325.0000 5354.0000 5576.0000 5492.0000 
185.6000 5433.0000 5382.0000 5351.0000 5267.0000 5428.0000 5316.0000 5448.0000 5454.0000 
185.8000 5691.0000 5411.0000 5422.0000 5352.0000 5479.0000 5434.0000 5511.0000 5427.0000 
186.0000 5693.0000 5310.0000 5444.0000 5354.0000 5469.0000 5346.0000 5630.0000 5562.0000 
186.2000 5482.0000 5447.0000 5471.0000 5354.0000 5394.0000 5271.0000 5477.0000 5519.0000 
186.4000 5503.0000 5528.0000 5152.0000 5228.0000 5316.0000 5317.0000 5426.0000 5563.0000 
186.6000 5467.0000 5383.0000 5432.0000 5424.0000 5369.0000 5412.0000 5612.0000 5523.0000 
186.8000 5524.0000 5414.0000 5388.0000 5259.0000 5346.0000 5551.0000 5622.0000 5571.0000 
187.0000 5635.0000 5397.0000 5552.0000 5289.0000 5461.0000 5524.0000 5431.0000 5449.0000 
187.2000 5528.0000 5505.0000 5511.0000 5437.0000 5343.0000 5422.0000 5545.0000 5399.0000 
187.4000 5410.0000 5388.0000 5369.0000 5304.0000 5526.0000 5410.0000 5443.0000 5547.0000 
187.6000 5302.0000 5400.0000 5200.0000 5334.0000 5507.0000 5543.0000 5289.0000 5551.0000 
187.8000 5362.0000 5440.0000 5340.0000 5385.0000 5313.0000 5339.0000 5609.0000 5449.0000 
188.0000 5333.0000 5286.0000 5309.0000 5448.0000 5386.0000 5275.0000 5522.0000 5414.0000 
188.2000 5549.0000 5330.0000 5447.0000 5301.0000 5437.0000 5415.0000 5465.0000 5542.0000 
188.4000 5368.0000 5367.0000 5321.0000 5280.0000 5368.0000 5464.0000 5528.0000 5425.0000 
188.6000 5401.0000 5370.0000 5370.0000 5219.0000 5466.0000 5413.0000 5581.0000 5531.0000 
188.8000 5439.0000 5442.0000 5327.0000 5250.0000 5441.0000 5420.0000 5727.0000 5442.0000 
189.0000 5407.0000 5447.0000 5370.0000 5272.0000 5548.0000 5298.0000 5584.0000 5485.0000 
189.2000 5474.0000 5422.0000 5181.0000 5433.0000 5545.0000 5320.0000 5513.0000 5233.0000 
189.4000 5417.0000 5495.0000 5387.0000 5158.0000 5338.0000 5210.0000 5569.0000 5429.0000 
189.6000 5456.0000 5349.0000 5377.0000 5338.0000 5464.0000 5318.0000 5410.0000 5558.0000 
189.8000 5749.0000 5577.0000 5396.0000 5459.0000 5355.0000 5280.0000 5562.0000 5396.0000 
190.0000 5591.0000 5315.0000 5420.0000 5460.0000 5422.0000 5352.0000 5552.0000 5520.0000 
190.2000 5548.0000 5620.0000 5288.0000 5246.0000 5513.0000 5422.0000 5453.0000 5441.0000 
190.4000 5528.0000 5198.0000 5333.0000 5209.0000 5422.0000 5352.0000 5532.0000 5610.0000 
190.6000 5443.0000 5405.0000 5504.0000 5332.0000 5483.0000 5488.0000 5395.0000 5509.0000 
190.8000 5675.0000 5406.0000 5394.0000 5528.0000 5455.0000 5346.0000 5390.0000 5421.0000 
191.0000 5551.0000 5403.0000 5246.0000 5355.0000 5561.0000 5276.0000 5528.0000 5288.0000 
191.2000 5455.0000 5483.0000 5397.0000 5457.0000 5573.0000 5547.0000 5664.0000 5727.0000 
191.4000 5550.0000 5442.0000 5368.0000 5345.0000 5382.0000 5353.0000 5481.0000 5524.0000 
191.6000 5663.0000 5536.0000 5142.0000 5389.0000 5529.0000 5194.0000 5610.0000 5510.0000 
191.8000 5435.0000 5465.0000 5277.0000 5414.0000 5440.0000 5521.0000 5467.0000 5629.0000 
192.0000 5580.0000 5429.0000 5336.0000 5180.0000 5470.0000 5351.0000 5562.0000 5531.0000 
192.2000 5571.0000 5521.0000 5337.0000 5453.0000 5525.0000 5477.0000 5507.0000 5371.0000 
192.4000 5434.0000 5381.0000 5330.0000 5416.0000 5553.0000 5412.0000 5552.0000 5462.0000 
192.6000 5434.0000 5459.0000 5536.0000 5480.0000 5453.0000 5343.0000 5428.0000 5545.0000 
192.8000 5437.0000 5402.0000 5368.0000 5324.0000 5381.0000 5362.0000 5440.0000 5465.0000 
193.0000 5513.0000 5556.0000 5260.0000 5422.0000 5453.0000 5274.0000 5405.0000 5296.0000 
193.2000 5355.0000 5340.0000 5280.0000 5364.0000 5491.0000 5469.0000 5370.0000 5432.0000 
193.4000 5459.0000 5438.0000 5259.0000 5361.0000 5335.0000 5413.0000 5419.0000 5417.0000 
193.6000 5527.0000 5574.0000 5450.0000 5223.0000 5442.0000 5415.0000 5640.0000 5544.0000 
193.8000 5462.0000 5289.0000 5368.0000 5278.0000 5431.0000 5434.0000 5483.0000 5399.0000 
194.0000 5404.0000 5499.0000 5381.0000 5306.0000 5506.0000 5444.0000 5438.0000 5419.0000 
194.2000 5503.0000 5258.0000 5374.0000 5249.0000 5427.0000 5449.0000 5304.0000 5361.0000 
194.4000 5480.0000 5375.0000 5392.0000 5384.0000 5619.0000 5364.0000 5583.0000 5402.0000 
194.6000 5483.0000 5507.0000 5315.0000 5316.0000 5414.0000 5510.0000 5468.0000 5380.0000 
194.8000 5444.0000 5510.0000 5389.0000 5361.0000 5441.0000 5293.0000 5452.0000 5474.0000 
195.0000 5413.0000 5596.0000 5459.0000 5385.0000 5360.0000 5444.0000 5600.0000 5338.0000 
195.2000 5469.0000 5377.0000 5464.0000 5323.0000 5401.0000 5563.0000 5582.0000 5448.0000 
195.4000 5498.0000 5334.0000 5359.0000 5314.0000 5242.0000 5262.0000 5590.0000 5450.0000 
195.6000 5457.0000 5335.0000 5352.0000 5293.0000 5248.0000 5430.0000 5462.0000 5535.0000 
195.8000 5402.0000 5365.0000 5293.0000 5332.0000 5359.0000 5413.0000 5611.0000 5511.0000 
196.0000 5401.0000 5283.0000 5310.0000 5382.0000 5345.0000 5267.0000 5437.0000 5443.0000 
196.2000 5343.0000 5521.0000 5283.0000 5337.0000 5455.0000 5181.0000 5670.0000 5424.0000 
196.4000 5442.0000 5365.0000 5401.0000 5499.0000 5447.0000 5388.0000 5616.0000 5458.0000 
196.6000 5542.0000 5480.0000 5279.0000 5400.0000 5451.0000 5511.0000 5613.0000 5444.0000 
196.8000 5474.0000 5421.0000 5266.0000 5331.0000 5507.0000 5446.0000 5443.0000 5496.0000 
197.0000 5426.0000 5338.0000 5337.0000 5368.0000 5417.0000 5398.0000 5411.0000 5443.0000 
197.2000 5529.0000 5369.0000 5470.0000 5294.0000 5474.0000 5429.0000 5591.0000 5318.0000 
197.4000 5409.0000 5381.0000 5390.0000 5346.0000 5277.0000 5264.0000 5464.0000 5426.0000 
197.6000 5407.0000 5318.0000 5277.0000 5431.0000 5584.0000 5446.0000 5493.0000 5542.0000 
197.8000 5544.0000 5380.0000 5357.0000 5368.0000 5439.0000 5485.0000 5436.0000 5536.0000 
198.0000 5372.0000 5395.0000 5253.0000 5431.0000 5402.0000 5221.0000 5335.0000 5436.0000 
198.2000 5335.0000 5408.0000 5269.0000 5337.0000 5415.0000 5364.0000 5519.0000 5486.0000 
198.4000 5370.0000 5574.0000 5423.0000 5456.0000 5332.0000 5343.0000 5476.0000 5408.0000 
198.6000 5579.0000 5272.0000 5481.0000 5474.0000 5672.0000 5320.0000 5448.0000 5569.0000 
198.8000 5386.0000 5493.0000 5347.0000 5190.0000 5530.0000 5352.0000 5520.0000 5637.0000 
199.0000 5583.0000 5488.0000 5231.0000 5321.0000 5640.0000 5266.0000 5594.0000 5548.0000 
199.2000 5480.0000 5436.0000 5291.0000 5345.0000 5549.0000 5373.0000 5517.0000 5508.0000 
199.4000 5475.0000 5391.0000 5381.0000 5385.0000 5395.0000 5470.0000 5679.0000 5525.0000 
199.6000 5384.0000 5328.0000 5420.0000 5292.0000 5342.0000 5369.0000 5363.0000 5462.0000 
199.8000 5457.0000 5498.0000 5470.0000 5401.0000 5237.0000 5387.0000 5602.0000 5433.0000 
200.0000 5576.0000 5490.0000 5559.0000 5408.0000 5428.0000 5478.0000 5495.0000 5296.0000 
200.2000 5642.0000 5327.0000 5317.0000 5316.0000 5382.0000 5318.0000 5468.0000 5353.0000 
200.4000 5418.0000 5334.0000 5386.0000 5360.0000 5405.0000 5367.0000 5507.0000 5642.0000 
200.6000 5468.0000 5487.0000 5395.0000 5409.0000 5462.0000 5404.0000 5388.0000 5484.0000 
200.8000 5448.0000 5330.0000 5263.0000 5297.0000 5516.0000 5539.0000 5574.0000 5443.0000 
201.0000 5687.0000 5487.0000 5375.0000 5412.0000 5360.0000 5313.0000 5506.0000 5652.0000 
201.2000 5607.0000 5427.0000 5454.0000 5253.0000 5436.0000 5449.0000 5454.0000 5525.0000 
201.4000 5295.0000 5507.0000 5380.0000 5203.0000 5561.0000 5186.0000 5472.0000 5575.0000 
201.6000 5568.0000 5545.0000 5437.0000 5389.0000 5370.0000 5367.0000 5467.0000 5536.0000 
201.8000 5446.0000 5594.0000 5314.0000 5410.0000 5416.0000 5413.0000 5570.0000 5439.0000 
202.0000 5573.0000 5299.0000 5379.0000 5342.0000 5447.0000 5327.0000 5409.0000 5406.0000 
202.2000 5629.0000 5380.0000 5284.0000 5205.0000 5360.0000 5340.0000 5411.0000 5335.0000 
202.4000 5474.0000 5561.0000 5400.0000 5205.0000 5456.0000 5425.0000 5621.0000 5565.0000 
202.6000 5642.0000 5495.0000 5382.0000 5395.0000 5425.0000 5527.0000 5401.0000 5542.0000 
202.8000 5417.0000 5536.0000 5294.0000 5313.0000 5321.0000 5263.0000 5391.0000 5315.0000 
203.0000 5499.0000 5392.0000 5283.0000 5148.0000 5408.0000 5249.0000 5560.0000 5490.0000 
203.2000 5458.0000 5332.0000 5226.0000 5342.0000 5445.0000 5410.0000 5501.0000 5448.0000 
203.4000 5403.0000 5324.0000 5222.0000 5169.0000 5342.0000 5359.0000 5578.0000 5346.0000 
203.6000 5284.0000 5294.0000 5132.0000 5248.0000 5346.0000 5366.0000 5431.0000 5495.0000 
203.8000 5560.0000 5316.0000 5180.0000 5197.0000 5363.0000 5277.0000 5500.0000 5347.0000 
204.0000 5320.0000 5337.0000 5181.0000 5305.0000 5265.0000 5192.0000 5427.0000 5333.0000 
204.2000 5373.0000 5256.0000 5289.0000 5297.0000 5131.0000 5146.0000 5419.0000 5384.0000 
204.4000 5338.0000 5320.0000 5238.0000 5180.0000 5283.0000 5412.0000 5357.0000 5399.0000 
204.6000 5453.0000 5201.0000 5392.0000 5157.0000 5463.0000 5436.0000 5416.0000 5162.0000 


