0.0000 3557.0000 3456.0000 3384.0000 3456.0000 3633.0000 3452.0000 3649.0000 3602.0000 0 us
0.2000 3926.0000 3823.0000 3796.0000 3799.0000 3973.0000 3825.0000 4050.0000 3985.0000 
0.4000 3856.0000 3693.0000 3493.0000 3468.0000 3631.0000 3657.0000 3620.0000 3505.0000 
0.6000 3954.0000 3756.0000 3826.0000 3799.0000 3963.0000 3731.0000 3953.0000 3816.0000 
0.8000 3696.0000 3487.0000 3630.0000 3545.0000 3691.0000 3464.0000 3820.0000 3742.0000 
1.0000 3919.0000 3941.0000 3861.0000 3814.0000 3831.0000 3613.0000 3888.0000 3890.0000 
1.2000 3668.0000 3592.0000 3551.0000 3515.0000 3743.0000 3540.0000 3843.0000 3643.0000 
1.4000 3774.0000 3957.0000 3725.0000 3785.0000 3922.0000 3948.0000 4081.0000 3845.0000 
1.6000 3817.0000 3541.0000 3477.0000 3748.0000 3576.0000 3472.0000 3882.0000 3532.0000 
1.8000 3842.0000 3850.0000 3641.0000 3762.0000 3793.0000 3821.0000 3906.0000 3806.0000 
2.0000 3779.0000 3578.0000 3539.0000 3536.0000 3701.0000 3523.0000 3710.0000 3624.0000 
2.2000 3849.0000 3734.0000 3853.0000 3776.0000 3712.0000 3650.0000 3892.0000 3725.0000 
2.4000 3866.0000 3608.0000 3576.0000 3725.0000 3743.0000 3527.0000 3751.0000 3643.0000 
2.6000 3955.0000 3962.0000 3735.0000 3641.0000 3798.0000 3808.0000 3931.0000 3912.0000 
2.8000 4031.0000 3848.0000 3748.0000 3997.0000 3805.0000 3765.0000 3985.0000 3824.0000 
3.0000 4232.0000 4167.0000 4081.0000 4100.0000 4161.0000 4105.0000 4242.0000 4272.0000 
3.2000 4068.0000 3929.0000 3743.0000 3895.0000 3993.0000 3749.0000 4126.0000 3859.0000 
3.4000 4117.0000 3983.0000 4001.0000 4063.0000 4079.0000 4189.0000 4216.0000 4340.0000 
3.6000 3947.0000 3888.0000 3723.0000 3614.0000 3935.0000 3832.0000 3990.0000 4064.0000 
3.8000 4215.0000 4139.0000 4034.0000 4157.0000 4179.0000 4119.0000 4206.0000 4183.0000 
4.0000 3725.0000 3713.0000 3519.0000 3430.0000 3609.0000 3579.0000 3647.0000 3580.0000 
4.2000 3883.0000 3641.0000 3708.0000 3658.0000 3799.0000 3869.0000 4064.0000 3890.0000 
4.4000 3804.0000 3498.0000 3534.0000 3681.0000 3669.0000 3656.0000 3598.0000 3666.0000 
4.6000 4094.0000 3947.0000 3674.0000 4007.0000 3980.0000 3847.0000 3991.0000 3976.0000 
4.8000 3741.0000 3688.0000 3709.0000 3527.0000 3753.0000 3556.0000 3687.0000 3751.0000 
5.0000 3901.0000 3844.0000 3826.0000 3773.0000 3957.0000 3833.0000 3957.0000 3951.0000 
5.2000 3711.0000 3683.0000 3507.0000 3566.0000 3686.0000 3386.0000 3757.0000 3695.0000 
5.4000 3894.0000 3895.0000 3833.0000 3789.0000 3859.0000 3875.0000 4043.0000 4034.0000 
5.6000 3970.0000 4049.0000 3707.0000 3665.0000 3831.0000 3960.0000 3887.0000 3846.0000 
5.8000 3770.0000 3997.0000 3781.0000 3896.0000 3989.0000 3806.0000 3950.0000 3899.0000 
6.0000 3971.0000 3912.0000 3819.0000 3854.0000 3867.0000 3835.0000 4036.0000 3998.0000 
6.2000 3912.0000 3945.0000 3752.0000 3759.0000 4020.0000 3814.0000 4059.0000 3950.0000 
6.4000 3950.0000 3920.0000 3722.0000 3690.0000 3921.0000 3890.0000 3963.0000 3816.0000 
6.6000 3962.0000 3720.0000 3849.0000 3880.0000 4016.0000 3866.0000 3903.0000 3960.0000 
6.8000 3875.0000 3887.0000 3824.0000 3749.0000 3931.0000 3773.0000 3850.0000 3870.0000 
7.0000 3952.0000 3932.0000 3915.0000 3787.0000 4062.0000 3828.0000 3927.0000 3955.0000 
7.2000 4043.0000 3827.0000 3908.0000 3879.0000 3816.0000 3825.0000 4073.0000 3856.0000 
7.4000 4042.0000 3813.0000 3880.0000 3815.0000 3935.0000 3933.0000 4095.0000 3891.0000 
7.6000 3974.0000 3929.0000 3879.0000 3801.0000 3920.0000 3962.0000 4053.0000 3974.0000 
7.8000 3851.0000 3882.0000 3779.0000 3819.0000 3960.0000 3900.0000 4118.0000 4021.0000 
8.0000 3990.0000 3917.0000 3835.0000 3837.0000 3876.0000 3888.0000 3877.0000 3850.0000 
8.2000 3860.0000 3895.0000 3734.0000 3851.0000 3937.0000 3828.0000 3927.0000 4031.0000 
8.4000 3971.0000 3896.0000 3749.0000 3608.0000 3944.0000 3935.0000 3988.0000 3891.0000 
8.6000 3986.0000 3915.0000 3738.0000 3741.0000 3914.0000 3872.0000 3967.0000 3901.0000 
8.8000 3973.0000 4002.0000 3834.0000 3733.0000 3816.0000 3798.0000 4014.0000 3940.0000 
9.0000 3911.0000 3928.0000 3801.0000 3724.0000 4036.0000 3871.0000 3954.0000 3832.0000 
9.2000 3959.0000 3849.0000 3827.0000 3836.0000 4002.0000 3620.0000 4051.0000 3953.0000 
9.4000 3990.0000 3901.0000 3819.0000 3898.0000 3843.0000 3953.0000 4011.0000 3892.0000 
9.6000 3910.0000 3844.0000 3943.0000 3767.0000 3758.0000 3666.0000 4037.0000 3914.0000 
9.8000 3995.0000 3753.0000 3830.0000 3726.0000 3826.0000 3887.0000 3919.0000 3819.0000 
10.0000 3860.0000 3958.0000 3891.0000 3677.0000 3854.0000 3719.0000 3960.0000 3983.0000 
10.2000 4079.0000 3873.0000 3755.0000 3777.0000 3812.0000 3800.0000 4062.0000 3899.0000 
10.4000 3921.0000 3797.0000 3904.0000 3754.0000 3996.0000 3854.0000 3976.0000 3848.0000 
10.6000 3818.0000 3827.0000 3882.0000 3874.0000 3751.0000 3826.0000 4033.0000 3974.0000 
10.8000 3944.0000 4057.0000 3819.0000 3862.0000 3790.0000 3855.0000 3836.0000 3931.0000 
11.0000 3836.0000 3836.0000 3899.0000 3819.0000 3940.0000 3728.0000 3884.0000 3993.0000 
11.2000 3967.0000 3948.0000 3797.0000 3765.0000 3730.0000 3820.0000 3998.0000 3910.0000 
11.4000 4144.0000 3780.0000 3759.0000 3747.0000 3865.0000 3768.0000 4002.0000 4113.0000 
11.6000 3969.0000 4061.0000 3792.0000 3779.0000 3971.0000 3767.0000 4071.0000 3797.0000 
11.8000 3903.0000 3965.0000 3971.0000 3734.0000 3791.0000 3776.0000 4047.0000 3943.0000 
12.0000 3983.0000 3733.0000 3750.0000 3652.0000 3995.0000 3843.0000 4012.0000 4075.0000 
12.2000 3884.0000 3802.0000 3808.0000 3598.0000 3907.0000 3992.0000 4016.0000 3872.0000 
12.4000 4019.0000 3888.0000 3803.0000 3828.0000 3918.0000 3899.0000 3801.0000 3891.0000 
12.6000 4020.0000 3815.0000 3609.0000 3660.0000 3817.0000 3864.0000 4039.0000 3994.0000 
12.8000 4030.0000 3795.0000 3752.0000 3707.0000 3680.0000 3955.0000 4087.0000 3817.0000 
13.0000 4071.0000 3841.0000 3722.0000 3909.0000 3814.0000 3923.0000 4041.0000 3810.0000 
13.2000 4021.0000 3790.0000 3912.0000 3773.0000 3871.0000 3931.0000 4016.0000 3822.0000 
13.4000 3913.0000 3750.0000 3809.0000 4017.0000 3708.0000 3794.0000 4057.0000 4025.0000 
13.6000 3997.0000 3824.0000 3871.0000 3703.0000 3763.0000 3803.0000 4037.0000 3953.0000 
13.8000 3903.0000 3851.0000 3805.0000 3729.0000 3867.0000 3776.0000 3916.0000 3921.0000 
14.0000 4143.0000 3874.0000 3866.0000 3805.0000 3916.0000 3874.0000 3970.0000 3888.0000 
14.2000 4144.0000 3777.0000 3911.0000 3811.0000 3913.0000 3789.0000 4091.0000 4026.0000 
14.4000 3943.0000 3930.0000 3924.0000 3811.0000 3846.0000 3707.0000 3940.0000 3983.0000 
14.6000 3958.0000 4005.0000 3610.0000 3688.0000 3773.0000 3756.0000 3892.0000 4032.0000 
14.8000 3922.0000 3874.0000 3885.0000 3869.0000 3821.0000 3850.0000 4063.0000 3986.0000 
15.0000 3990.0000 3897.0000 3847.0000 3693.0000 3805.0000 3986.0000 4098.0000 4039.0000 
15.2000 4098.0000 3879.0000 4011.0000 3744.0000 3927.0000 3965.0000 3902.0000 3929.0000 
15.4000 4000.0000 3996.0000 3973.0000 3887.0000 3800.0000 3865.0000 4035.0000 3876.0000 
15.6000 3883.0000 3855.0000 3825.0000 3766.0000 3974.0000 3858.0000 3916.0000 4026.0000 
15.8000 3774.0000 3872.0000 3665.0000 3805.0000 3956.0000 3985.0000 3779.0000 4029.0000 
16.0000 3832.0000 3901.0000 3795.0000 3848.0000 3769.0000 3788.0000 4081.0000 3920.0000 
16.2000 3823.0000 3743.0000 3785.0000 3915.0000 3837.0000 3730.0000 3998.0000 3901.0000 
16.4000 4013.0000 3779.0000 3913.0000 3775.0000 3873.0000 3862.0000 3935.0000 4012.0000 
16.6000 3842.0000 3824.0000 3793.0000 3758.0000 3808.0000 3920.0000 4002.0000 3886.0000 
16.8000 3868.0000 3818.0000 3849.0000 3687.0000 3901.0000 3872.0000 4050.0000 3993.0000 
17.0000 3896.0000 3905.0000 3803.0000 3707.0000 3881.0000 3878.0000 4187.0000 3916.0000 
17.2000 3863.0000 3902.0000 3840.0000 3714.0000 3987.0000 3754.0000 4037.0000 3938.0000 
17.4000 3932.0000 3879.0000 3657.0000 3862.0000 3998.0000 3776.0000 3977.0000 3694.0000 
17.6000 3871.0000 3936.0000 3844.0000 3610.0000 3800.0000 3686.0000 4026.0000 3881.0000 
17.8000 3915.0000 3799.0000 3836.0000 3779.0000 3934.0000 3769.0000 3874.0000 4002.0000 
18.0000 4212.0000 4026.0000 3846.0000 3898.0000 3846.0000 3739.0000 4019.0000 3832.0000 
18.2000 4058.0000 3778.0000 3859.0000 3898.0000 3909.0000 3817.0000 4015.0000 3970.0000 
18.4000 4025.0000 4068.0000 3753.0000 3712.0000 4003.0000 3885.0000 3908.0000 3868.0000 
18.6000 4000.0000 3654.0000 3784.0000 3657.0000 3915.0000 3820.0000 3998.0000 4045.0000 
18.8000 3921.0000 3862.0000 3957.0000 3784.0000 3944.0000 3946.0000 3840.0000 3947.0000 
19.0000 4154.0000 3881.0000 3842.0000 3984.0000 3907.0000 3803.0000 3830.0000 3866.0000 
19.2000 4018.0000 3866.0000 3698.0000 3813.0000 4007.0000 3743.0000 3966.0000 3719.0000 
19.4000 3924.0000 3956.0000 3843.0000 3919.0000 4018.0000 3986.0000 4114.0000 4148.0000 
19.6000 4022.0000 3908.0000 3812.0000 3799.0000 3821.0000 3800.0000 3929.0000 3956.0000 
19.8000 4128.0000 4007.0000 3594.0000 3838.0000 3959.0000 3630.0000 4061.0000 3948.0000 
20.0000 3896.0000 3919.0000 3728.0000 3852.0000 3883.0000 3953.0000 3928.0000 4081.0000 
20.2000 4032.0000 3896.0000 3791.0000 3627.0000 3914.0000 3792.0000 4018.0000 3998.0000 
20.4000 4036.0000 3980.0000 3791.0000 3880.0000 3968.0000 3918.0000 3976.0000 3848.0000 
20.6000 3892.0000 3848.0000 3792.0000 3853.0000 4013.0000 3851.0000 4016.0000 3936.0000 
20.8000 3885.0000 3922.0000 3990.0000 3919.0000 3917.0000 3786.0000 3897.0000 4020.0000 
21.0000 3890.0000 3860.0000 3835.0000 3768.0000 3838.0000 3803.0000 3902.0000 3944.0000 
21.2000 3980.0000 4006.0000 3714.0000 3868.0000 3918.0000 3720.0000 3872.0000 3775.0000 
21.4000 3823.0000 3807.0000 3737.0000 3815.0000 3940.0000 3914.0000 3831.0000 3911.0000 
21.6000 3940.0000 3905.0000 3727.0000 3809.0000 3779.0000 3862.0000 3874.0000 3901.0000 
21.8000 4008.0000 4033.0000 3889.0000 3670.0000 3888.0000 3874.0000 4096.0000 4004.0000 
22.0000 3974.0000 3760.0000 3831.0000 3726.0000 3879.0000 3905.0000 3931.0000 3862.0000 
22.2000 3893.0000 3974.0000 3826.0000 3743.0000 3965.0000 3917.0000 3885.0000 3881.0000 
22.4000 3978.0000 3730.0000 3814.0000 3675.0000 3885.0000 3914.0000 3756.0000 3820.0000 
22.6000 3974.0000 3835.0000 3831.0000 3807.0000 4085.0000 3834.0000 4053.0000 3860.0000 
22.8000 3966.0000 3979.0000 3758.0000 3744.0000 3891.0000 3973.0000 3916.0000 3832.0000 
23.0000 3921.0000 3973.0000 3844.0000 3796.0000 3921.0000 3765.0000 3915.0000 3933.0000 
23.2000 3888.0000 4058.0000 3905.0000 3839.0000 3830.0000 3887.0000 4062.0000 3798.0000 
23.4000 3948.0000 3847.0000 3909.0000 3787.0000 3868.0000 4013.0000 4043.0000 3898.0000 
23.6000 3962.0000 3808.0000 3812.0000 3792.0000 3711.0000 3707.0000 4041.0000 3912.0000 
23.8000 3913.0000 3814.0000 3809.0000 3763.0000 3706.0000 3884.0000 3934.0000 3993.0000 
24.0000 3859.0000 3850.0000 3754.0000 3802.0000 3802.0000 3852.0000 4064.0000 3969.0000 
24.2000 3866.0000 3770.0000 3767.0000 3828.0000 3802.0000 3716.0000 3907.0000 3914.0000 
24.4000 3812.0000 4011.0000 3747.0000 3785.0000 3916.0000 3640.0000 4136.0000 3907.0000 
24.6000 3919.0000 3867.0000 3860.0000 3946.0000 3901.0000 3835.0000 4078.0000 3929.0000 
24.8000 4016.0000 3965.0000 3737.0000 3843.0000 3916.0000 3972.0000 4093.0000 3929.0000 
25.0000 3952.0000 3912.0000 3714.0000 3784.0000 3979.0000 3916.0000 3925.0000 3983.0000 
25.2000 3920.0000 3825.0000 3803.0000 3820.0000 3888.0000 3859.0000 3880.0000 3909.0000 
25.4000 4007.0000 3855.0000 3933.0000 3753.0000 3957.0000 3893.0000 4076.0000 3797.0000 
25.6000 3889.0000 3858.0000 3854.0000 3806.0000 3742.0000 3722.0000 3918.0000 3892.0000 
25.8000 3888.0000 3783.0000 3737.0000 3888.0000 4047.0000 3905.0000 3937.0000 4002.0000 
26.0000 4029.0000 3828.0000 3811.0000 3831.0000 3899.0000 3943.0000 3882.0000 3980.0000 
26.2000 3852.0000 3859.0000 3732.0000 3905.0000 3851.0000 3683.0000 3791.0000 3890.0000 
26.4000 3808.0000 3862.0000 3758.0000 3818.0000 3867.0000 3829.0000 3969.0000 3942.0000 
26.6000 3856.0000 4038.0000 3897.0000 3915.0000 3780.0000 3812.0000 3941.0000 3878.0000 
26.8000 4050.0000 3726.0000 3944.0000 3944.0000 4111.0000 3803.0000 3902.0000 4031.0000 
27.0000 3860.0000 3945.0000 3809.0000 3663.0000 3966.0000 3833.0000 3979.0000 4111.0000 
27.2000 4256.0000 4143.0000 3885.0000 3977.0000 4275.0000 3945.0000 4236.0000 4206.0000 
27.4000 4147.0000 4081.0000 3936.0000 3992.0000 4193.0000 4033.0000 4169.0000 4157.0000 
27.6000 3935.0000 3824.0000 3816.0000 3807.0000 3827.0000 3931.0000 4113.0000 3965.0000 
27.8000 3832.0000 3774.0000 3853.0000 3715.0000 3796.0000 3835.0000 3811.0000 3915.0000 
28.0000 3922.0000 3939.0000 3893.0000 3814.0000 3686.0000 3831.0000 4041.0000 3860.0000 
28.2000 4026.0000 3924.0000 3986.0000 3834.0000 3876.0000 3924.0000 3941.0000 3743.0000 
28.4000 4083.0000 3783.0000 3727.0000 3748.0000 3836.0000 3767.0000 3911.0000 3773.0000 
28.6000 3858.0000 3769.0000 3816.0000 3789.0000 3849.0000 3823.0000 3955.0000 4058.0000 
28.8000 3912.0000 3918.0000 3821.0000 3830.0000 3906.0000 3859.0000 3849.0000 3910.0000 
29.0000 3889.0000 3760.0000 3688.0000 3731.0000 3972.0000 3992.0000 4014.0000 3884.0000 
29.2000 4129.0000 3932.0000 3789.0000 3825.0000 3808.0000 3765.0000 3939.0000 4087.0000 
29.4000 4058.0000 3864.0000 3884.0000 3704.0000 3891.0000 3906.0000 3893.0000 3960.0000 
29.6000 3738.0000 3955.0000 3805.0000 3645.0000 4003.0000 3641.0000 3926.0000 4010.0000 
29.8000 4016.0000 4009.0000 3873.0000 3835.0000 3821.0000 3823.0000 3925.0000 3986.0000 
30.0000 3907.0000 4054.0000 3756.0000 3874.0000 3861.0000 3866.0000 4030.0000 3918.0000 
30.2000 4043.0000 3777.0000 3830.0000 3822.0000 3894.0000 3806.0000 3893.0000 3886.0000 
30.4000 4103.0000 3849.0000 3754.0000 3686.0000 3834.0000 3809.0000 3899.0000 3821.0000 
30.6000 3946.0000 4044.0000 3882.0000 3694.0000 3912.0000 3892.0000 4105.0000 4065.0000 
30.8000 4121.0000 3964.0000 3874.0000 3864.0000 3902.0000 3998.0000 3887.0000 4035.0000 
31.0000 3937.0000 4049.0000 3824.0000 3834.0000 3847.0000 3787.0000 3927.0000 3857.0000 
31.2000 3991.0000 3872.0000 3778.0000 3636.0000 3901.0000 3748.0000 4045.0000 3967.0000 
31.4000 3946.0000 3804.0000 3725.0000 3837.0000 3938.0000 3904.0000 3997.0000 3933.0000 
31.6000 3920.0000 3824.0000 3730.0000 3684.0000 3857.0000 3873.0000 4085.0000 3857.0000 
31.8000 3816.0000 3806.0000 3653.0000 3783.0000 3884.0000 3886.0000 3956.0000 4008.0000 
32.0000 4103.0000 3861.0000 3727.0000 3757.0000 3931.0000 3809.0000 4057.0000 3883.0000 
32.2000 3892.0000 3890.0000 3720.0000 3874.0000 3834.0000 3765.0000 3987.0000 3877.0000 
32.4000 3956.0000 3839.0000 3844.0000 3867.0000 3735.0000 3720.0000 3989.0000 3948.0000 
32.6000 3949.0000 3903.0000 3797.0000 3747.0000 3867.0000 3989.0000 3938.0000 3962.0000 
32.8000 4001.0000 3743.0000 3895.0000 3674.0000 3993.0000 3968.0000 3957.0000 3673.0000 
33.0000 3915.0000 3874.0000 3907.0000 3830.0000 3954.0000 3767.0000 3891.0000 3906.0000 
33.2000 3789.0000 3852.0000 3763.0000 3824.0000 4035.0000 3984.0000 3911.0000 3804.0000 
33.4000 3929.0000 3876.0000 3779.0000 3808.0000 4055.0000 3910.0000 3941.0000 3975.0000 
33.6000 3850.0000 3984.0000 3837.0000 3760.0000 3847.0000 3678.0000 4000.0000 3866.0000 
33.8000 3982.0000 4008.0000 3766.0000 3773.0000 3756.0000 3953.0000 3992.0000 3883.0000 
34.0000 3883.0000 3757.0000 3805.0000 3918.0000 3847.0000 3796.0000 3884.0000 3970.0000 
34.2000 3894.0000 3822.0000 3756.0000 3862.0000 3854.0000 3782.0000 4027.0000 3935.0000 
34.4000 4081.0000 3787.0000 3808.0000 3767.0000 3832.0000 3813.0000 3942.0000 3863.0000 
34.6000 3911.0000 4006.0000 3654.0000 3878.0000 3894.0000 3825.0000 4037.0000 3967.0000 
34.8000 3891.0000 3947.0000 3872.0000 3708.0000 4031.0000 3875.0000 4010.0000 3938.0000 
35.0000 4045.0000 3980.0000 3684.0000 3792.0000 3821.0000 3920.0000 4076.0000 3983.0000 
35.2000 4003.0000 3759.0000 3801.0000 3788.0000 4021.0000 3811.0000 4067.0000 3768.0000 
35.4000 4040.0000 3827.0000 3663.0000 3815.0000 3883.0000 3818.0000 3970.0000 3856.0000 
35.6000 3918.0000 3859.0000 3731.0000 3703.0000 3846.0000 3869.0000 3972.0000 3952.0000 
35.8000 3927.0000 3857.0000 3881.0000 3765.0000 4006.0000 3858.0000 4014.0000 3978.0000 
36.0000 3797.0000 3853.0000 3735.0000 3727.0000 3837.0000 3773.0000 3984.0000 3969.0000 
36.2000 3922.0000 3835.0000 3821.0000 3815.0000 3887.0000 3916.0000 4089.0000 3920.0000 
36.4000 3958.0000 3952.0000 3736.0000 3801.0000 4063.0000 3874.0000 3980.0000 3969.0000 
36.6000 3987.0000 3833.0000 3743.0000 3782.0000 3982.0000 3751.0000 4010.0000 4060.0000 
36.8000 3970.0000 3815.0000 3853.0000 3792.0000 3825.0000 3739.0000 4028.0000 3910.0000 
37.0000 3964.0000 3872.0000 3830.0000 3721.0000 3888.0000 3981.0000 3954.0000 3919.0000 
37.2000 3913.0000 3878.0000 3804.0000 3693.0000 3979.0000 3758.0000 3982.0000 3996.0000 
37.4000 3936.0000 3944.0000 3861.0000 3862.0000 3928.0000 3792.0000 4071.0000 3844.0000 
37.6000 3967.0000 3975.0000 3706.0000 3843.0000 3821.0000 3712.0000 3889.0000 4036.0000 
37.8000 3967.0000 3818.0000 3865.0000 3831.0000 3807.0000 3957.0000 4126.0000 4055.0000 
38.0000 4059.0000 3850.0000 3950.0000 3828.0000 3897.0000 3782.0000 3949.0000 3763.0000 
38.2000 3937.0000 3802.0000 3760.0000 3801.0000 3944.0000 3811.0000 3964.0000 3832.0000 
38.4000 3973.0000 3882.0000 3710.0000 3852.0000 4053.0000 3864.0000 3999.0000 3689.0000 
38.6000 3916.0000 3873.0000 3757.0000 3692.0000 3739.0000 3823.0000 3881.0000 3915.0000 
38.8000 4051.0000 3933.0000 3767.0000 3788.0000 3795.0000 3855.0000 4079.0000 3895.0000 
39.0000 3964.0000 3832.0000 3811.0000 3825.0000 4024.0000 3972.0000 3988.0000 3907.0000 
39.2000 3769.0000 3825.0000 3790.0000 3744.0000 3828.0000 3846.0000 3931.0000 3795.0000 
39.4000 4041.0000 3922.0000 3883.0000 3609.0000 3835.0000 3925.0000 4007.0000 3842.0000 
39.6000 3849.0000 3936.0000 3763.0000 3707.0000 3830.0000 3850.0000 3831.0000 3757.0000 
39.8000 3881.0000 3850.0000 3759.0000 3792.0000 3966.0000 3698.0000 3866.0000 3969.0000 
40.0000 3952.0000 3817.0000 3813.0000 3743.0000 3915.0000 3867.0000 3890.0000 3878.0000 
40.2000 4052.0000 3744.0000 3960.0000 3807.0000 3817.0000 3923.0000 3977.0000 3921.0000 
40.4000 3964.0000 3932.0000 3746.0000 3887.0000 3847.0000 3775.0000 4024.0000 3786.0000 
40.6000 3958.0000 3912.0000 3846.0000 3856.0000 4016.0000 3811.0000 3980.0000 3747.0000 
40.8000 4010.0000 3915.0000 3913.0000 3878.0000 3899.0000 3799.0000 4017.0000 3692.0000 
41.0000 4000.0000 3932.0000 3835.0000 3747.0000 3930.0000 3864.0000 4099.0000 3854.0000 
41.2000 4031.0000 3923.0000 3812.0000 3768.0000 3818.0000 3793.0000 3962.0000 3803.0000 
41.4000 4021.0000 3934.0000 3680.0000 4008.0000 3699.0000 3833.0000 4021.0000 3801.0000 
41.6000 4065.0000 3907.0000 3861.0000 3733.0000 3833.0000 3801.0000 3887.0000 3840.0000 
41.8000 3988.0000 3874.0000 3737.0000 3966.0000 3815.0000 4060.0000 3987.0000 3870.0000 
42.0000 3929.0000 3893.0000 3704.0000 3697.0000 3804.0000 3782.0000 4014.0000 3910.0000 
42.2000 3755.0000 3856.0000 3821.0000 3731.0000 3710.0000 3822.0000 3818.0000 3892.0000 
42.4000 4049.0000 3976.0000 3843.0000 3818.0000 3744.0000 3802.0000 3869.0000 3856.0000 
42.6000 3770.0000 3769.0000 3755.0000 3668.0000 3931.0000 3816.0000 4025.0000 4077.0000 
42.8000 4036.0000 3909.0000 3819.0000 3762.0000 3941.0000 3810.0000 4029.0000 4043.0000 
43.0000 3914.0000 3916.0000 3752.0000 3770.0000 3809.0000 3848.0000 3845.0000 3848.0000 
43.2000 3850.0000 3969.0000 3773.0000 3751.0000 3882.0000 3855.0000 3961.0000 3861.0000 
43.4000 3878.0000 3973.0000 3671.0000 3763.0000 3876.0000 3810.0000 4011.0000 3905.0000 
43.6000 3963.0000 3838.0000 3687.0000 3742.0000 3817.0000 3725.0000 4031.0000 3958.0000 
43.8000 3936.0000 3949.0000 3729.0000 3824.0000 3858.0000 3892.0000 3974.0000 3985.0000 
44.0000 3984.0000 3987.0000 3926.0000 3777.0000 3885.0000 3949.0000 4035.0000 3873.0000 
44.2000 4054.0000 3971.0000 3671.0000 3654.0000 3899.0000 4008.0000 4033.0000 3984.0000 
44.4000 3961.0000 3997.0000 3753.0000 3821.0000 3799.0000 3881.0000 3961.0000 3907.0000 
44.6000 3913.0000 3850.0000 3825.0000 3809.0000 3809.0000 3811.0000 4081.0000 3875.0000 
44.8000 3995.0000 4000.0000 3662.0000 3681.0000 3799.0000 3654.0000 4044.0000 3908.0000 
45.0000 4090.0000 3948.0000 3832.0000 3816.0000 3983.0000 3776.0000 4042.0000 3964.0000 
45.2000 3900.0000 3906.0000 3710.0000 3782.0000 3924.0000 3780.0000 3928.0000 3725.0000 
45.4000 3904.0000 3938.0000 3754.0000 3689.0000 3833.0000 3820.0000 4010.0000 3810.0000 
45.6000 3929.0000 3865.0000 3785.0000 3762.0000 3745.0000 3724.0000 3947.0000 3930.0000 
45.8000 4104.0000 3962.0000 3866.0000 3700.0000 3835.0000 3760.0000 4032.0000 3947.0000 
46.0000 4081.0000 3944.0000 3720.0000 3788.0000 3909.0000 3888.0000 3904.0000 3652.0000 
46.2000 3945.0000 3797.0000 3724.0000 3787.0000 3911.0000 3843.0000 3923.0000 3911.0000 
46.4000 3879.0000 4028.0000 3748.0000 3873.0000 3910.0000 3799.0000 3884.0000 3976.0000 
46.6000 3960.0000 3961.0000 3794.0000 3740.0000 3821.0000 3804.0000 3979.0000 3866.0000 
46.8000 3912.0000 3863.0000 3746.0000 3774.0000 3949.0000 3853.0000 3950.0000 3883.0000 
47.0000 3902.0000 3737.0000 3833.0000 4001.0000 3977.0000 3936.0000 3785.0000 3875.0000 
47.2000 3751.0000 3770.0000 3698.0000 3798.0000 3837.0000 3862.0000 3960.0000 3862.0000 
47.4000 3860.0000 3829.0000 3851.0000 3784.0000 3767.0000 3863.0000 3893.0000 3815.0000 
47.6000 3961.0000 3875.0000 3740.0000 3698.0000 3776.0000 3885.0000 3946.0000 3984.0000 
47.8000 4142.0000 3848.0000 3805.0000 3657.0000 3837.0000 3883.0000 4009.0000 3896.0000 
48.0000 4055.0000 3694.0000 3869.0000 3831.0000 3726.0000 3765.0000 3881.0000 3879.0000 
48.2000 4148.0000 3739.0000 3801.0000 3723.0000 3985.0000 3856.0000 3986.0000 3811.0000 
48.4000 3888.0000 3782.0000 3870.0000 3883.0000 3934.0000 3787.0000 4048.0000 3874.0000 
48.6000 3838.0000 3948.0000 3934.0000 3899.0000 3809.0000 3823.0000 3984.0000 3963.0000 
48.8000 3999.0000 3913.0000 3736.0000 3802.0000 3837.0000 3649.0000 3983.0000 3859.0000 
49.0000 3957.0000 3868.0000 3856.0000 3768.0000 3781.0000 3799.0000 3960.0000 3870.0000 
49.2000 4105.0000 3916.0000 3863.0000 3726.0000 3866.0000 3742.0000 3916.0000 3819.0000 
49.4000 3866.0000 3856.0000 3802.0000 3608.0000 3790.0000 3785.0000 4008.0000 3934.0000 
49.6000 3819.0000 3768.0000 3774.0000 3666.0000 4008.0000 3877.0000 3849.0000 3964.0000 
49.8000 3987.0000 4006.0000 3808.0000 3793.0000 3915.0000 3879.0000 3949.0000 3960.0000 
50.0000 3994.0000 3845.0000 3656.0000 3727.0000 3662.0000 3846.0000 3884.0000 3877.0000 
50.2000 3836.0000 3964.0000 3700.0000 3868.0000 3942.0000 3773.0000 4111.0000 3881.0000 
50.4000 3879.0000 3961.0000 3858.0000 3746.0000 3925.0000 3850.0000 3895.0000 3936.0000 
50.6000 3991.0000 3898.0000 3777.0000 3839.0000 3890.0000 3759.0000 4011.0000 3726.0000 
50.8000 3899.0000 3774.0000 3937.0000 3730.0000 3914.0000 3884.0000 3838.0000 3715.0000 
51.0000 3904.0000 3892.0000 3842.0000 3681.0000 3872.0000 3749.0000 4084.0000 4032.0000 
51.2000 3936.0000 3867.0000 3739.0000 3902.0000 3824.0000 3863.0000 4093.0000 3953.0000 
51.4000 3934.0000 3987.0000 3725.0000 3786.0000 3928.0000 3908.0000 3983.0000 3882.0000 
51.6000 3977.0000 3981.0000 3660.0000 3715.0000 3915.0000 3726.0000 3849.0000 3967.0000 
51.8000 4025.0000 3821.0000 3816.0000 3887.0000 3809.0000 3667.0000 3976.0000 3976.0000 
52.0000 3897.0000 3883.0000 3686.0000 3804.0000 3747.0000 3773.0000 3991.0000 3905.0000 
52.2000 3874.0000 4022.0000 3831.0000 3716.0000 3823.0000 3779.0000 3965.0000 3945.0000 
52.4000 4039.0000 3857.0000 3709.0000 3716.0000 4021.0000 3937.0000 3922.0000 3854.0000 
52.6000 3863.0000 3830.0000 3785.0000 3745.0000 3906.0000 3738.0000 3945.0000 3855.0000 
52.8000 3828.0000 3978.0000 3860.0000 3793.0000 3893.0000 3830.0000 4112.0000 3867.0000 
53.0000 3992.0000 3909.0000 3819.0000 3740.0000 3887.0000 3767.0000 3993.0000 4120.0000 
53.2000 4174.0000 3829.0000 3705.0000 3779.0000 3897.0000 3791.0000 4150.0000 3878.0000 
53.4000 4051.0000 3657.0000 3865.0000 3789.0000 3896.0000 3825.0000 4097.0000 3898.0000 
53.6000 4200.0000 3829.0000 3907.0000 3873.0000 3865.0000 3733.0000 3965.0000 3740.0000 
53.8000 3973.0000 3889.0000 3815.0000 3862.0000 3743.0000 3742.0000 3998.0000 3843.0000 
54.0000 3925.0000 3917.0000 3944.0000 3894.0000 3928.0000 3840.0000 3940.0000 3861.0000 
54.2000 3972.0000 3961.0000 3847.0000 3696.0000 3908.0000 3815.0000 3793.0000 3987.0000 
54.4000 3914.0000 3800.0000 3827.0000 3694.0000 3764.0000 3823.0000 3925.0000 3802.0000 
54.6000 4018.0000 3956.0000 3985.0000 3696.0000 3815.0000 3854.0000 3787.0000 3862.0000 
54.8000 3922.0000 3965.0000 3847.0000 3810.0000 3768.0000 3932.0000 4008.0000 3868.0000 
55.0000 3991.0000 3775.0000 3708.0000 4008.0000 3875.0000 3857.0000 4008.0000 3947.0000 
55.2000 4033.0000 3950.0000 3960.0000 3696.0000 3725.0000 3722.0000 3844.0000 3665.0000 
55.4000 3959.0000 3867.0000 3809.0000 3791.0000 3828.0000 3882.0000 3983.0000 3856.0000 
55.6000 3971.0000 3917.0000 3798.0000 3781.0000 3915.0000 3699.0000 3853.0000 3905.0000 
55.8000 3821.0000 3858.0000 3754.0000 3715.0000 3814.0000 3923.0000 4096.0000 3989.0000 
56.0000 3983.0000 3948.0000 3830.0000 3763.0000 3758.0000 3899.0000 3903.0000 3780.0000 
56.2000 3939.0000 4002.0000 3795.0000 3759.0000 3816.0000 3892.0000 4066.0000 3983.0000 
56.4000 4039.0000 3867.0000 3745.0000 3814.0000 3866.0000 4041.0000 3907.0000 3886.0000 
56.6000 4133.0000 3912.0000 3697.0000 3616.0000 3936.0000 3910.0000 4019.0000 4024.0000 
56.8000 3950.0000 3930.0000 3940.0000 3770.0000 3929.0000 3948.0000 3948.0000 3776.0000 
57.0000 3877.0000 3954.0000 3827.0000 3744.0000 3910.0000 3978.0000 3888.0000 3812.0000 
57.2000 3968.0000 3913.0000 3765.0000 3784.0000 3998.0000 3856.0000 4076.0000 3861.0000 
57.4000 3921.0000 3811.0000 3890.0000 3802.0000 4019.0000 3755.0000 3950.0000 3828.0000 
57.6000 3863.0000 3969.0000 3811.0000 3592.0000 3817.0000 3858.0000 3979.0000 3783.0000 
57.8000 3900.0000 3889.0000 3864.0000 3801.0000 3948.0000 3860.0000 3795.0000 4094.0000 
58.0000 4075.0000 3962.0000 3856.0000 3778.0000 3964.0000 3898.0000 3974.0000 3915.0000 
58.2000 3953.0000 3898.0000 3885.0000 3673.0000 3916.0000 3877.0000 3979.0000 3871.0000 
58.4000 3907.0000 3991.0000 3925.0000 3769.0000 3892.0000 3832.0000 3770.0000 4053.0000 
58.6000 3954.0000 3858.0000 3692.0000 3841.0000 3874.0000 3910.0000 3819.0000 3825.0000 
58.8000 3939.0000 4007.0000 3917.0000 3770.0000 3735.0000 3783.0000 3915.0000 3803.0000 
59.0000 3859.0000 3803.0000 3809.0000 3811.0000 3995.0000 3766.0000 4051.0000 3853.0000 
59.2000 4001.0000 3908.0000 3685.0000 3923.0000 3936.0000 3845.0000 3855.0000 3752.0000 
59.4000 3901.0000 3893.0000 3885.0000 3820.0000 3751.0000 3951.0000 3899.0000 3794.0000 
59.6000 3931.0000 3910.0000 3797.0000 3802.0000 3954.0000 3816.0000 3831.0000 3924.0000 
59.8000 3784.0000 3879.0000 3721.0000 3879.0000 3936.0000 3797.0000 3955.0000 4014.0000 
60.0000 3785.0000 3940.0000 3804.0000 3950.0000 3893.0000 3905.0000 3890.0000 3697.0000 
60.2000 3868.0000 3887.0000 3843.0000 3789.0000 3991.0000 3799.0000 3974.0000 3905.0000 
60.4000 3853.0000 3960.0000 3632.0000 3811.0000 3964.0000 3697.0000 3803.0000 3806.0000 
60.6000 3819.0000 3830.0000 3767.0000 3786.0000 3811.0000 3801.0000 4009.0000 3857.0000 
60.8000 3852.0000 3895.0000 3728.0000 3760.0000 3717.0000 3795.0000 3874.0000 3841.0000 
61.0000 3867.0000 3886.0000 3797.0000 3827.0000 3996.0000 3646.0000 3866.0000 3895.0000 
61.2000 3906.0000 3748.0000 3801.0000 3753.0000 3793.0000 3868.0000 3969.0000 3951.0000 
61.4000 3834.0000 3967.0000 3766.0000 3800.0000 3917.0000 3960.0000 3949.0000 3761.0000 
61.6000 3858.0000 3892.0000 3715.0000 3789.0000 3873.0000 3831.0000 3959.0000 3967.0000 
61.8000 4062.0000 3807.0000 3815.0000 3715.0000 4088.0000 3767.0000 4019.0000 3998.0000 
62.0000 3868.0000 3877.0000 3669.0000 3691.0000 3735.0000 3950.0000 3767.0000 3960.0000 
62.2000 4102.0000 3837.0000 3809.0000 3753.0000 3960.0000 3798.0000 4021.0000 3870.0000 
62.4000 4062.0000 3914.0000 3635.0000 3969.0000 3859.0000 3955.0000 3906.0000 3720.0000 
62.6000 3854.0000 3885.0000 3878.0000 3564.0000 3773.0000 3834.0000 3867.0000 3846.0000 
62.8000 3893.0000 4001.0000 3727.0000 3956.0000 3886.0000 3895.0000 3915.0000 3763.0000 
63.0000 4014.0000 3912.0000 3891.0000 3733.0000 3815.0000 3898.0000 3854.0000 4052.0000 
63.2000 3944.0000 3964.0000 3867.0000 3908.0000 3946.0000 3807.0000 3827.0000 3811.0000 
63.4000 3930.0000 3744.0000 3696.0000 3689.0000 3950.0000 3758.0000 4073.0000 3833.0000 
63.6000 4026.0000 4002.0000 3827.0000 3784.0000 4004.0000 3837.0000 4064.0000 3999.0000 
63.8000 3925.0000 3934.0000 3776.0000 3880.0000 3765.0000 3851.0000 3986.0000 3874.0000 
64.0000 3834.0000 3912.0000 3818.0000 3847.0000 3944.0000 3815.0000 3864.0000 3872.0000 
64.2000 3935.0000 4009.0000 3808.0000 3709.0000 3980.0000 3973.0000 3931.0000 3929.0000 
64.4000 3903.0000 3661.0000 3803.0000 3939.0000 3948.0000 3769.0000 3980.0000 3778.0000 
64.6000 3945.0000 3945.0000 3872.0000 3736.0000 3833.0000 3915.0000 4057.0000 3773.0000 
64.8000 3864.0000 3940.0000 3894.0000 3607.0000 3661.0000 3783.0000 3930.0000 3900.0000 
65.0000 4031.0000 3722.0000 3842.0000 3711.0000 3882.0000 3867.0000 4071.0000 3871.0000 
65.2000 3888.0000 3972.0000 3680.0000 3872.0000 3869.0000 3834.0000 3918.0000 3900.0000 
65.4000 4139.0000 3949.0000 3741.0000 3818.0000 3947.0000 3778.0000 4075.0000 3938.0000 
65.6000 3833.0000 3862.0000 3788.0000 3755.0000 3921.0000 3728.0000 3894.0000 3873.0000 
65.8000 3896.0000 3977.0000 3752.0000 3729.0000 3854.0000 3722.0000 3808.0000 3902.0000 
66.0000 3879.0000 3911.0000 3855.0000 3852.0000 3804.0000 3723.0000 3862.0000 3864.0000 
66.2000 4107.0000 3869.0000 3676.0000 3871.0000 3912.0000 4022.0000 4043.0000 3926.0000 
66.4000 3921.0000 3930.0000 3740.0000 3729.0000 3744.0000 3939.0000 4037.0000 3758.0000 
66.6000 3832.0000 3788.0000 3747.0000 3728.0000 3974.0000 3758.0000 3964.0000 4018.0000 
66.8000 3999.0000 3805.0000 3748.0000 3797.0000 3917.0000 3781.0000 3964.0000 3941.0000 
67.0000 3945.0000 3843.0000 4001.0000 3853.0000 3834.0000 3932.0000 4010.0000 3940.0000 
67.2000 3980.0000 3894.0000 3614.0000 3695.0000 3710.0000 3855.0000 4121.0000 3766.0000 
67.4000 3940.0000 3968.0000 3830.0000 3808.0000 3951.0000 3803.0000 3929.0000 3818.0000 
67.6000 3891.0000 3910.0000 3859.0000 3793.0000 3759.0000 3954.0000 3971.0000 3953.0000 
67.8000 3971.0000 3884.0000 3844.0000 3716.0000 3907.0000 3854.0000 3985.0000 3793.0000 
68.0000 4054.0000 3945.0000 3889.0000 3842.0000 3952.0000 3681.0000 3957.0000 3835.0000 
68.2000 4007.0000 3941.0000 3750.0000 3797.0000 3809.0000 3834.0000 3863.0000 3845.0000 
68.4000 4045.0000 3937.0000 3667.0000 3771.0000 3947.0000 3834.0000 3941.0000 3907.0000 
68.6000 3919.0000 3865.0000 3828.0000 3818.0000 3907.0000 3765.0000 3873.0000 3927.0000 
68.8000 3808.0000 3965.0000 3797.0000 3792.0000 3808.0000 3818.0000 3848.0000 3889.0000 
69.0000 3899.0000 3755.0000 3910.0000 3846.0000 3879.0000 3882.0000 4008.0000 3820.0000 
69.2000 4002.0000 3865.0000 3766.0000 3940.0000 4067.0000 3729.0000 4097.0000 3753.0000 
69.4000 3990.0000 4082.0000 3867.0000 3949.0000 3932.0000 3863.0000 4073.0000 3903.0000 
69.6000 3976.0000 3968.0000 3745.0000 3844.0000 3938.0000 3870.0000 3915.0000 3758.0000 
69.8000 3987.0000 3996.0000 3949.0000 3818.0000 3995.0000 3761.0000 3966.0000 3864.0000 
70.0000 3969.0000 4010.0000 3909.0000 3720.0000 3989.0000 3897.0000 3970.0000 3894.0000 
70.2000 3869.0000 3869.0000 3791.0000 3719.0000 3844.0000 3677.0000 4044.0000 3842.0000 
70.4000 3935.0000 3852.0000 3892.0000 3958.0000 3867.0000 3729.0000 3830.0000 3806.0000 
70.6000 3805.0000 3752.0000 3833.0000 3886.0000 3929.0000 3740.0000 3833.0000 3988.0000 
70.8000 4003.0000 3768.0000 3734.0000 3791.0000 3780.0000 3622.0000 3917.0000 3959.0000 
71.0000 3826.0000 3861.0000 3695.0000 3782.0000 3886.0000 3860.0000 3956.0000 3943.0000 
71.2000 4034.0000 3853.0000 4004.0000 3860.0000 3833.0000 3811.0000 4028.0000 3880.0000 
71.4000 4005.0000 3838.0000 3846.0000 3882.0000 3780.0000 3880.0000 4048.0000 3867.0000 
71.6000 3799.0000 4003.0000 3736.0000 3832.0000 3850.0000 3944.0000 4053.0000 3905.0000 
71.8000 3877.0000 3857.0000 3720.0000 3724.0000 3808.0000 3769.0000 3945.0000 3913.0000 
72.0000 3923.0000 4047.0000 3980.0000 3740.0000 3843.0000 3765.0000 3831.0000 3910.0000 
72.2000 3753.0000 3757.0000 3673.0000 3789.0000 3990.0000 3819.0000 3877.0000 3918.0000 
72.4000 3979.0000 3825.0000 3842.0000 3849.0000 3778.0000 3760.0000 4020.0000 3954.0000 
72.6000 3882.0000 3789.0000 3821.0000 3751.0000 3900.0000 3758.0000 3923.0000 3955.0000 
72.8000 3937.0000 3724.0000 3564.0000 3822.0000 3775.0000 3786.0000 3902.0000 3820.0000 
73.0000 4060.0000 3859.0000 3890.0000 3779.0000 3739.0000 3807.0000 3818.0000 3835.0000 
73.2000 3921.0000 3825.0000 3688.0000 3810.0000 3917.0000 3872.0000 3754.0000 3912.0000 
73.4000 3872.0000 3776.0000 3734.0000 3754.0000 3953.0000 3871.0000 3876.0000 3951.0000 
73.6000 3908.0000 3818.0000 3735.0000 3692.0000 3904.0000 3892.0000 3814.0000 4033.0000 
73.8000 4057.0000 3963.0000 3780.0000 3812.0000 3851.0000 3808.0000 3872.0000 3864.0000 
74.0000 3975.0000 3939.0000 3781.0000 3704.0000 3796.0000 3831.0000 3937.0000 3978.0000 
74.2000 3907.0000 3693.0000 3667.0000 3570.0000 3900.0000 3903.0000 3887.0000 3802.0000 
74.4000 3964.0000 3809.0000 3682.0000 3805.0000 3691.0000 3852.0000 3944.0000 3771.0000 
74.6000 3982.0000 3810.0000 3623.0000 3573.0000 3690.0000 3878.0000 3935.0000 3971.0000 
74.8000 3920.0000 3816.0000 3800.0000 3708.0000 3822.0000 3933.0000 3914.0000 3847.0000 
75.0000 3984.0000 3740.0000 3759.0000 3787.0000 3873.0000 3903.0000 3973.0000 3728.0000 
75.2000 3926.0000 3760.0000 3573.0000 3920.0000 3923.0000 3788.0000 4052.0000 3880.0000 
75.4000 4012.0000 3935.0000 3857.0000 3883.0000 3886.0000 3708.0000 4049.0000 3989.0000 
75.6000 3878.0000 3779.0000 3846.0000 3827.0000 3974.0000 3845.0000 4041.0000 3725.0000 
75.8000 3975.0000 3974.0000 3680.0000 3751.0000 3980.0000 3735.0000 3878.0000 3976.0000 
76.0000 3855.0000 4045.0000 3780.0000 3671.0000 3931.0000 3814.0000 3925.0000 4014.0000 
76.2000 3852.0000 3911.0000 3799.0000 3828.0000 3750.0000 3803.0000 4019.0000 4004.0000 
76.4000 3741.0000 3909.0000 3957.0000 3753.0000 3875.0000 3845.0000 4048.0000 3871.0000 
76.6000 3937.0000 3890.0000 3769.0000 3844.0000 3966.0000 3822.0000 3867.0000 3879.0000 
76.8000 3956.0000 3902.0000 3695.0000 3782.0000 3907.0000 3736.0000 3704.0000 3814.0000 
77.0000 3926.0000 3849.0000 3792.0000 3762.0000 3999.0000 3911.0000 3920.0000 3893.0000 
77.2000 3852.0000 3953.0000 3800.0000 3723.0000 3722.0000 3837.0000 3989.0000 3999.0000 
77.4000 3734.0000 3867.0000 3832.0000 3743.0000 3979.0000 3935.0000 3971.0000 3803.0000 
77.6000 4050.0000 3939.0000 3885.0000 3780.0000 3902.0000 3931.0000 4136.0000 3766.0000 
77.8000 3933.0000 3931.0000 3819.0000 3765.0000 3891.0000 3913.0000 4065.0000 3985.0000 
78.0000 3936.0000 3752.0000 3789.0000 3712.0000 3902.0000 3788.0000 4037.0000 3933.0000 
78.2000 3771.0000 3922.0000 3751.0000 3816.0000 3764.0000 3884.0000 3952.0000 3690.0000 
78.4000 3892.0000 3994.0000 3788.0000 3710.0000 3827.0000 3741.0000 3818.0000 3959.0000 
78.6000 3869.0000 3916.0000 3781.0000 3850.0000 3745.0000 3811.0000 4094.0000 3904.0000 
78.8000 4091.0000 3801.0000 3937.0000 3832.0000 3838.0000 3896.0000 3924.0000 3736.0000 
79.0000 3947.0000 3862.0000 3706.0000 3723.0000 3907.0000 3867.0000 3867.0000 3958.0000 
79.2000 3955.0000 3778.0000 3696.0000 3742.0000 3846.0000 3757.0000 3971.0000 3802.0000 
79.4000 3982.0000 3677.0000 3604.0000 3788.0000 3946.0000 3976.0000 3951.0000 3923.0000 
79.6000 3943.0000 3872.0000 3744.0000 3757.0000 3867.0000 3934.0000 4030.0000 3823.0000 
79.8000 4001.0000 3855.0000 3696.0000 3786.0000 3897.0000 3873.0000 4086.0000 3926.0000 
80.0000 3894.0000 4014.0000 3816.0000 3917.0000 3801.0000 3672.0000 3935.0000 3859.0000 
80.2000 3870.0000 3842.0000 3899.0000 3861.0000 3796.0000 3860.0000 3919.0000 3862.0000 
80.4000 3896.0000 3709.0000 3942.0000 3792.0000 3817.0000 3769.0000 3872.0000 3863.0000 
80.6000 3825.0000 3817.0000 3691.0000 3735.0000 3792.0000 3906.0000 4013.0000 4007.0000 
80.8000 3885.0000 3837.0000 3769.0000 3736.0000 3826.0000 3746.0000 3997.0000 3834.0000 
81.0000 3961.0000 3939.0000 3799.0000 3750.0000 3966.0000 3893.0000 4021.0000 3732.0000 
81.2000 3878.0000 3921.0000 3736.0000 3772.0000 3774.0000 3854.0000 3993.0000 3881.0000 
81.4000 3930.0000 3891.0000 3786.0000 3794.0000 3738.0000 3744.0000 4098.0000 3909.0000 
81.6000 4076.0000 3914.0000 3877.0000 3677.0000 3761.0000 3940.0000 3961.0000 3893.0000 
81.8000 3927.0000 3919.0000 3653.0000 3876.0000 3974.0000 3806.0000 3915.0000 3833.0000 
82.0000 3945.0000 3957.0000 3771.0000 3735.0000 3767.0000 3874.0000 4079.0000 3823.0000 
82.2000 3836.0000 3802.0000 3728.0000 3748.0000 4040.0000 3743.0000 3919.0000 3816.0000 
82.4000 3899.0000 3882.0000 3801.0000 3658.0000 3963.0000 3716.0000 3993.0000 3888.0000 
82.6000 3847.0000 3900.0000 3708.0000 3835.0000 3901.0000 3796.0000 3981.0000 3898.0000 
82.8000 3979.0000 4027.0000 3889.0000 3771.0000 3910.0000 3914.0000 4052.0000 4072.0000 
83.0000 3836.0000 3794.0000 3823.0000 3842.0000 3963.0000 3725.0000 3864.0000 3937.0000 
83.2000 3975.0000 3912.0000 3705.0000 3667.0000 3844.0000 3837.0000 3989.0000 3761.0000 
83.4000 3989.0000 3822.0000 3919.0000 3827.0000 3938.0000 3789.0000 3964.0000 3943.0000 
83.6000 3898.0000 3950.0000 3814.0000 3857.0000 3824.0000 3955.0000 3929.0000 3873.0000 
83.8000 3912.0000 3986.0000 3743.0000 3804.0000 3920.0000 3843.0000 3888.0000 3910.0000 
84.0000 3954.0000 3859.0000 3768.0000 3789.0000 3780.0000 3923.0000 3721.0000 3896.0000 
84.2000 4020.0000 3851.0000 3692.0000 3955.0000 3893.0000 3928.0000 4023.0000 3994.0000 
84.4000 3953.0000 3840.0000 3699.0000 3730.0000 3859.0000 3680.0000 3839.0000 3808.0000 
84.6000 3854.0000 3778.0000 3746.0000 3798.0000 3831.0000 3651.0000 3993.0000 3772.0000 
84.8000 3926.0000 3847.0000 3921.0000 3880.0000 3861.0000 3692.0000 3980.0000 3761.0000 
85.0000 3966.0000 3885.0000 3799.0000 3721.0000 3809.0000 3933.0000 4094.0000 3887.0000 
85.2000 3799.0000 3852.0000 3584.0000 3873.0000 3793.0000 3766.0000 3997.0000 3928.0000 
85.4000 4130.0000 3765.0000 3824.0000 3825.0000 3967.0000 3864.0000 3757.0000 3792.0000 
85.6000 3787.0000 3896.0000 3814.0000 3868.0000 3827.0000 3892.0000 3929.0000 3814.0000 
85.8000 3779.0000 3799.0000 3774.0000 3665.0000 3723.0000 3944.0000 3968.0000 3941.0000 
86.0000 3791.0000 3781.0000 3721.0000 3775.0000 3847.0000 3750.0000 4002.0000 3694.0000 
86.2000 3768.0000 3893.0000 3854.0000 3706.0000 3769.0000 3723.0000 3833.0000 3829.0000 
86.4000 3834.0000 3776.0000 3721.0000 3646.0000 3734.0000 3764.0000 3892.0000 3988.0000 
86.6000 4052.0000 3878.0000 3752.0000 3611.0000 4015.0000 3843.0000 3881.0000 3699.0000 
86.8000 3885.0000 3727.0000 3875.0000 3797.0000 3731.0000 3779.0000 3881.0000 3958.0000 
87.0000 3952.0000 3818.0000 3899.0000 3764.0000 4049.0000 3895.0000 4115.0000 3807.0000 
87.2000 4006.0000 3876.0000 3700.0000 3699.0000 3621.0000 3617.0000 3965.0000 3694.0000 
87.4000 3955.0000 3817.0000 3984.0000 3807.0000 3767.0000 3765.0000 3952.0000 4002.0000 
87.6000 3886.0000 3751.0000 3827.0000 3642.0000 3756.0000 3759.0000 3904.0000 3831.0000 
87.8000 3925.0000 3775.0000 3805.0000 3907.0000 3833.0000 3883.0000 3946.0000 3884.0000 
88.0000 3848.0000 3835.0000 3719.0000 3702.0000 3853.0000 3821.0000 3868.0000 3795.0000 
88.2000 3952.0000 3924.0000 3755.0000 3829.0000 3820.0000 3879.0000 4060.0000 3952.0000 
88.4000 3996.0000 3863.0000 3636.0000 3893.0000 3752.0000 3737.0000 3991.0000 3817.0000 
88.6000 3917.0000 3848.0000 3896.0000 3731.0000 3824.0000 3781.0000 3976.0000 3938.0000 
88.8000 3912.0000 3964.0000 3739.0000 3815.0000 3833.0000 3751.0000 4039.0000 3897.0000 
89.0000 3879.0000 3961.0000 3783.0000 3883.0000 3885.0000 3781.0000 3969.0000 3752.0000 
89.2000 3787.0000 3789.0000 3892.0000 3785.0000 3930.0000 3731.0000 3951.0000 3848.0000 
89.4000 3890.0000 3998.0000 3871.0000 3722.0000 3921.0000 3810.0000 3934.0000 3899.0000 
89.6000 3949.0000 3920.0000 3964.0000 3805.0000 3949.0000 3744.0000 3834.0000 3856.0000 
89.8000 4061.0000 3955.0000 3672.0000 3776.0000 3792.0000 3848.0000 3905.0000 3992.0000 
90.0000 3930.0000 3814.0000 3874.0000 3701.0000 3772.0000 3791.0000 3862.0000 3962.0000 
90.2000 4014.0000 3790.0000 3903.0000 3857.0000 3775.0000 3945.0000 3698.0000 3827.0000 
90.4000 3833.0000 3899.0000 3676.0000 3650.0000 3771.0000 3804.0000 3832.0000 3893.0000 
90.6000 3806.0000 3977.0000 3830.0000 3701.0000 3941.0000 3900.0000 3885.0000 3817.0000 
90.8000 4004.0000 3804.0000 3720.0000 3678.0000 3986.0000 3568.0000 3931.0000 3963.0000 
91.0000 3969.0000 3897.0000 3720.0000 3726.0000 3815.0000 3887.0000 3941.0000 3859.0000 
91.2000 4026.0000 3933.0000 3813.0000 3849.0000 3892.0000 3860.0000 4039.0000 3823.0000 
91.4000 3854.0000 3809.0000 3713.0000 3834.0000 3956.0000 3871.0000 4099.0000 3818.0000 
91.6000 3980.0000 3794.0000 3784.0000 3736.0000 3951.0000 3883.0000 4062.0000 3759.0000 
91.8000 4061.0000 3765.0000 3873.0000 3726.0000 3830.0000 3918.0000 3752.0000 3854.0000 
92.0000 3966.0000 3814.0000 3628.0000 3925.0000 3755.0000 3717.0000 3853.0000 3919.0000 
92.2000 3941.0000 3713.0000 3706.0000 3746.0000 3919.0000 3776.0000 3974.0000 3696.0000 
92.4000 3969.0000 3846.0000 3898.0000 3710.0000 3805.0000 3799.0000 4044.0000 3921.0000 
92.6000 4013.0000 3795.0000 3702.0000 3793.0000 3760.0000 3795.0000 4065.0000 3880.0000 
92.8000 3901.0000 3900.0000 3689.0000 3730.0000 3807.0000 3883.0000 4026.0000 3656.0000 
93.0000 3876.0000 3803.0000 3824.0000 3772.0000 4018.0000 3803.0000 4009.0000 3916.0000 
93.2000 4022.0000 3863.0000 3753.0000 3737.0000 3880.0000 3834.0000 3970.0000 3763.0000 
93.4000 3914.0000 3786.0000 3850.0000 3759.0000 3884.0000 3943.0000 3894.0000 3776.0000 
93.6000 3943.0000 3931.0000 3772.0000 3774.0000 3906.0000 3695.0000 3881.0000 3739.0000 
93.8000 3801.0000 3760.0000 3955.0000 3965.0000 3805.0000 3955.0000 4024.0000 3859.0000 
94.0000 4066.0000 3932.0000 3701.0000 3524.0000 3757.0000 3723.0000 4008.0000 3926.0000 
94.2000 3933.0000 3900.0000 3789.0000 3697.0000 3742.0000 3702.0000 3866.0000 3829.0000 
94.4000 3767.0000 3781.0000 3801.0000 3695.0000 3863.0000 3820.0000 3818.0000 3808.0000 
94.6000 4007.0000 3761.0000 3874.0000 3858.0000 3868.0000 3875.0000 3927.0000 3862.0000 
94.8000 3933.0000 3750.0000 3859.0000 3706.0000 3854.0000 3802.0000 3994.0000 3911.0000 
95.0000 3904.0000 3846.0000 3863.0000 3611.0000 3870.0000 3729.0000 3931.0000 4033.0000 
95.2000 3978.0000 3845.0000 3814.0000 3652.0000 3888.0000 3858.0000 3756.0000 3885.0000 
95.4000 4038.0000 3855.0000 3732.0000 3891.0000 4000.0000 3836.0000 4023.0000 3891.0000 
95.6000 3948.0000 3862.0000 3713.0000 3731.0000 3901.0000 3728.0000 3879.0000 3923.0000 
95.8000 3922.0000 3930.0000 3867.0000 3787.0000 3860.0000 3674.0000 3905.0000 3841.0000 
96.0000 3848.0000 3816.0000 3767.0000 3787.0000 3828.0000 3755.0000 4016.0000 3743.0000 
96.2000 4019.0000 3878.0000 3787.0000 3859.0000 3730.0000 3936.0000 4073.0000 3891.0000 
96.4000 3845.0000 3767.0000 3716.0000 3805.0000 3736.0000 3708.0000 3866.0000 3875.0000 
96.6000 3842.0000 3902.0000 3900.0000 3674.0000 3756.0000 3803.0000 3991.0000 3867.0000 
96.8000 4012.0000 3862.0000 3657.0000 3756.0000 3731.0000 3909.0000 3942.0000 4005.0000 
97.0000 3801.0000 3858.0000 3764.0000 3760.0000 3837.0000 3902.0000 3902.0000 3820.0000 
97.2000 4026.0000 3783.0000 3680.0000 3797.0000 3898.0000 3721.0000 3898.0000 3929.0000 
97.4000 3892.0000 3898.0000 3798.0000 3774.0000 3729.0000 3799.0000 3728.0000 3844.0000 
97.6000 3861.0000 3724.0000 3719.0000 3812.0000 3898.0000 3692.0000 3952.0000 3987.0000 
97.8000 3789.0000 4023.0000 3830.0000 3896.0000 3792.0000 3699.0000 3989.0000 3825.0000 
98.0000 3963.0000 3984.0000 3884.0000 3818.0000 3985.0000 3974.0000 3924.0000 3862.0000 
98.2000 4024.0000 3729.0000 3787.0000 3834.0000 3847.0000 3749.0000 4019.0000 3784.0000 
98.4000 3790.0000 3802.0000 3742.0000 3674.0000 3659.0000 3830.0000 3774.0000 3734.0000 
98.6000 4034.0000 3860.0000 3717.0000 3798.0000 3970.0000 3820.0000 4012.0000 3875.0000 
98.8000 3851.0000 3859.0000 3870.0000 3713.0000 3821.0000 4001.0000 3934.0000 3826.0000 
99.0000 3809.0000 3867.0000 3760.0000 3747.0000 3748.0000 3786.0000 3943.0000 3941.0000 
99.2000 4024.0000 3821.0000 3898.0000 3644.0000 3798.0000 3920.0000 3914.0000 3789.0000 
99.4000 3796.0000 3691.0000 3668.0000 3680.0000 3775.0000 3823.0000 3865.0000 4022.0000 
99.6000 3918.0000 3875.0000 3723.0000 3830.0000 3800.0000 3808.0000 4024.0000 3860.0000 
99.8000 3901.0000 3798.0000 3919.0000 3777.0000 3916.0000 3844.0000 3873.0000 3741.0000 
100.0000 3876.0000 3899.0000 3758.0000 3747.0000 3696.0000 3849.0000 3903.0000 3881.0000 
100.2000 4038.0000 3747.0000 3793.0000 3765.0000 3937.0000 3727.0000 3834.0000 3847.0000 
100.4000 4049.0000 3747.0000 3651.0000 3819.0000 3793.0000 3846.0000 3952.0000 3896.0000 
100.6000 3977.0000 3743.0000 3650.0000 3746.0000 4012.0000 3854.0000 3802.0000 3866.0000 
100.8000 3951.0000 3806.0000 3602.0000 3693.0000 3878.0000 3741.0000 3911.0000 3745.0000 
101.0000 3935.0000 3808.0000 3864.0000 3626.0000 3813.0000 3923.0000 3933.0000 3839.0000 
101.2000 4007.0000 3903.0000 3833.0000 3796.0000 3900.0000 3878.0000 3930.0000 3888.0000 
101.4000 3912.0000 3833.0000 3820.0000 3707.0000 3863.0000 3906.0000 3993.0000 3796.0000 
101.6000 3860.0000 3948.0000 3710.0000 3731.0000 3892.0000 3781.0000 3996.0000 3757.0000 
101.8000 3905.0000 3902.0000 3956.0000 3806.0000 3912.0000 3930.0000 3939.0000 3874.0000 
102.0000 3979.0000 3916.0000 3775.0000 3748.0000 3803.0000 3800.0000 3839.0000 3836.0000 
102.2000 3956.0000 3855.0000 3789.0000 3731.0000 3882.0000 3842.0000 3891.0000 4056.0000 
102.4000 3835.0000 3844.0000 3882.0000 3789.0000 3904.0000 3645.0000 3952.0000 3784.0000 
102.6000 3808.0000 3842.0000 3723.0000 3869.0000 3833.0000 3751.0000 3984.0000 3829.0000 
102.8000 3990.0000 3853.0000 3873.0000 3862.0000 3889.0000 3735.0000 4026.0000 3836.0000 
103.0000 3884.0000 3915.0000 3686.0000 3817.0000 3903.0000 3953.0000 3889.0000 3956.0000 
103.2000 3968.0000 3819.0000 3739.0000 3835.0000 3987.0000 3650.0000 4049.0000 3744.0000 
103.4000 4041.0000 3883.0000 3707.0000 3677.0000 3818.0000 3804.0000 3960.0000 3525.0000 
103.6000 3891.0000 3714.0000 3779.0000 3712.0000 3744.0000 3825.0000 3877.0000 3927.0000 
103.8000 3877.0000 3944.0000 3733.0000 3769.0000 3917.0000 3731.0000 3883.0000 3971.0000 
104.0000 3891.0000 3855.0000 3773.0000 3675.0000 3984.0000 3741.0000 4004.0000 3866.0000 
104.2000 3846.0000 3808.0000 3787.0000 3756.0000 3928.0000 3909.0000 3981.0000 4000.0000 
104.4000 3813.0000 3865.0000 3770.0000 3823.0000 3802.0000 3903.0000 3967.0000 3787.0000 
104.6000 3933.0000 3932.0000 3676.0000 3879.0000 3805.0000 3909.0000 4014.0000 3871.0000 
104.8000 3796.0000 3838.0000 3741.0000 3731.0000 3834.0000 3796.0000 4073.0000 3856.0000 
105.0000 3955.0000 3743.0000 3789.0000 3753.0000 3831.0000 3727.0000 4081.0000 3676.0000 
105.2000 4043.0000 3991.0000 3948.0000 3827.0000 3997.0000 4056.0000 4085.0000 3852.0000 
105.4000 3976.0000 3739.0000 3729.0000 3946.0000 3766.0000 3944.0000 3930.0000 3974.0000 
105.6000 3807.0000 3901.0000 3747.0000 3779.0000 3948.0000 3982.0000 4015.0000 3945.0000 
105.8000 3993.0000 3823.0000 3692.0000 3769.0000 3905.0000 3798.0000 4022.0000 3964.0000 
106.0000 4044.0000 3837.0000 3891.0000 3880.0000 3686.0000 3762.0000 4012.0000 3821.0000 
106.2000 3949.0000 3888.0000 3803.0000 3584.0000 3858.0000 3726.0000 3925.0000 3877.0000 
106.4000 3950.0000 3951.0000 3647.0000 3697.0000 3927.0000 3656.0000 3987.0000 3727.0000 
106.6000 4005.0000 3864.0000 3850.0000 4047.0000 4005.0000 3817.0000 4079.0000 3920.0000 
106.8000 3794.0000 3857.0000 3697.0000 3815.0000 3818.0000 3663.0000 4078.0000 3951.0000 
107.0000 3922.0000 3761.0000 3629.0000 3944.0000 3909.0000 3743.0000 3785.0000 3827.0000 
107.2000 3833.0000 3885.0000 3899.0000 3701.0000 3902.0000 3765.0000 3835.0000 3907.0000 
107.4000 3945.0000 3867.0000 3699.0000 3837.0000 3781.0000 3881.0000 3960.0000 3779.0000 
107.6000 3966.0000 3924.0000 3639.0000 3801.0000 3865.0000 3631.0000 3992.0000 3860.0000 
107.8000 3925.0000 3838.0000 3693.0000 3656.0000 3811.0000 3685.0000 3825.0000 3818.0000 
108.0000 3744.0000 3669.0000 3495.0000 3720.0000 3664.0000 3575.0000 3732.0000 3640.0000 
108.2000 3799.0000 3962.0000 3823.0000 3531.0000 3821.0000 3813.0000 3912.0000 3735.0000 
108.4000 3807.0000 3652.0000 3523.0000 3555.0000 3572.0000 3467.0000 3773.0000 3700.0000 
108.6000 3975.0000 3989.0000 3711.0000 3809.0000 3947.0000 3870.0000 4070.0000 4127.0000 
108.8000 3665.0000 3820.0000 3688.0000 3421.0000 3691.0000 3533.0000 3828.0000 3771.0000 
109.0000 3918.0000 3906.0000 3833.0000 3850.0000 3784.0000 3864.0000 3797.0000 4019.0000 
109.2000 3700.0000 3754.0000 3519.0000 3618.0000 3658.0000 3468.0000 3799.0000 3605.0000 
109.4000 3950.0000 3987.0000 3803.0000 3909.0000 3791.0000 3738.0000 3925.0000 3952.0000 
109.6000 3779.0000 3708.0000 3523.0000 3600.0000 3655.0000 3548.0000 3750.0000 3563.0000 
109.8000 3928.0000 3772.0000 3661.0000 3878.0000 3815.0000 3850.0000 4004.0000 3821.0000 
110.0000 3619.0000 3572.0000 3652.0000 3502.0000 3599.0000 3715.0000 3689.0000 3601.0000 
110.2000 3790.0000 3694.0000 3649.0000 3771.0000 3786.0000 3828.0000 3969.0000 3869.0000 
110.4000 3700.0000 3687.0000 3393.0000 3587.0000 3673.0000 3571.0000 3883.0000 3483.0000 
110.6000 3626.0000 3840.0000 3749.0000 3850.0000 3882.0000 3753.0000 4009.0000 3911.0000 
110.8000 3632.0000 3593.0000 3443.0000 3553.0000 3678.0000 3421.0000 3612.0000 3499.0000 
111.0000 3897.0000 3788.0000 3895.0000 3697.0000 3984.0000 3750.0000 3964.0000 3893.0000 
111.2000 3575.0000 3513.0000 3617.0000 3485.0000 3701.0000 3547.0000 3718.0000 3648.0000 
111.4000 3827.0000 3805.0000 3821.0000 3725.0000 3815.0000 3884.0000 3962.0000 3888.0000 
111.6000 3644.0000 3531.0000 3509.0000 3506.0000 3592.0000 3509.0000 3852.0000 3658.0000 
111.8000 3979.0000 3767.0000 3808.0000 3725.0000 3882.0000 3838.0000 4064.0000 3988.0000 
112.0000 3700.0000 3696.0000 3431.0000 3440.0000 3506.0000 3727.0000 3659.0000 3663.0000 
112.2000 3837.0000 3896.0000 3727.0000 3701.0000 3811.0000 3907.0000 3902.0000 3828.0000 
112.4000 3591.0000 3734.0000 3541.0000 3582.0000 3721.0000 3569.0000 3689.0000 3647.0000 
112.6000 3859.0000 3856.0000 3695.0000 3818.0000 3783.0000 3722.0000 3900.0000 3748.0000 
112.8000 3598.0000 3700.0000 3628.0000 3383.0000 3662.0000 3486.0000 3764.0000 3595.0000 
113.0000 3877.0000 3833.0000 3796.0000 3842.0000 3799.0000 3825.0000 3975.0000 3940.0000 
113.2000 3636.0000 3551.0000 3534.0000 3512.0000 3682.0000 3434.0000 3750.0000 3685.0000 
113.4000 3898.0000 3872.0000 3731.0000 3783.0000 3944.0000 3692.0000 3847.0000 3632.0000 
113.6000 3427.0000 3565.0000 3670.0000 3541.0000 3668.0000 3543.0000 3714.0000 3585.0000 
113.8000 3702.0000 3803.0000 3633.0000 3653.0000 3862.0000 3862.0000 4049.0000 3903.0000 
114.0000 3854.0000 3594.0000 3583.0000 3446.0000 3582.0000 3449.0000 3623.0000 3772.0000 
114.2000 3973.0000 3984.0000 3690.0000 3748.0000 3963.0000 3748.0000 3988.0000 3720.0000 
114.4000 3695.0000 3714.0000 3631.0000 3476.0000 3632.0000 3439.0000 3708.0000 3496.0000 
114.6000 3794.0000 3795.0000 3755.0000 3642.0000 3721.0000 3807.0000 3936.0000 3860.0000 
114.8000 3585.0000 3487.0000 3408.0000 3481.0000 3449.0000 3656.0000 3679.0000 3498.0000 
115.0000 3797.0000 3620.0000 3605.0000 3632.0000 3928.0000 3672.0000 4061.0000 3861.0000 
115.2000 3573.0000 3622.0000 3550.0000 3580.0000 3614.0000 3658.0000 3694.0000 3713.0000 
115.4000 3759.0000 3608.0000 3738.0000 3782.0000 3840.0000 3807.0000 3972.0000 3868.0000 
115.6000 3673.0000 3700.0000 3558.0000 3637.0000 3645.0000 3509.0000 3708.0000 3582.0000 
115.8000 3753.0000 3835.0000 3863.0000 3734.0000 3790.0000 3857.0000 3908.0000 3882.0000 
116.0000 3679.0000 3731.0000 3601.0000 3552.0000 3515.0000 3626.0000 3827.0000 3625.0000 
116.2000 3982.0000 3688.0000 3694.0000 3721.0000 3910.0000 3875.0000 4008.0000 3960.0000 
116.4000 3749.0000 3558.0000 3341.0000 3493.0000 3537.0000 3548.0000 3752.0000 3744.0000 
116.6000 4053.0000 3781.0000 3711.0000 3680.0000 3823.0000 3741.0000 3968.0000 3780.0000 
116.8000 3755.0000 3687.0000 3426.0000 3587.0000 3562.0000 3479.0000 3683.0000 3693.0000 
117.0000 3810.0000 3690.0000 3773.0000 3831.0000 3697.0000 3846.0000 3972.0000 3965.0000 
117.2000 3761.0000 3571.0000 3611.0000 3691.0000 3749.0000 3467.0000 3692.0000 3553.0000 
117.4000 3851.0000 3916.0000 3583.0000 3613.0000 4010.0000 3727.0000 3905.0000 3798.0000 
117.6000 3440.0000 3796.0000 3455.0000 3559.0000 3683.0000 3588.0000 3601.0000 3499.0000 
117.8000 3820.0000 3753.0000 3614.0000 3607.0000 3975.0000 3706.0000 3871.0000 3900.0000 
118.0000 3566.0000 3567.0000 3433.0000 3497.0000 3755.0000 3530.0000 3767.0000 3716.0000 
118.2000 3779.0000 3821.0000 3730.0000 3751.0000 3866.0000 3990.0000 3982.0000 3706.0000 
118.4000 3705.0000 3692.0000 3448.0000 3665.0000 3706.0000 3508.0000 3768.0000 3674.0000 
118.6000 3908.0000 3738.0000 3823.0000 3875.0000 3674.0000 3785.0000 3868.0000 3767.0000 
118.8000 3645.0000 3560.0000 3595.0000 3557.0000 3681.0000 3505.0000 3743.0000 3623.0000 
119.0000 3875.0000 3974.0000 3763.0000 3775.0000 3954.0000 3764.0000 4012.0000 3869.0000 
119.2000 3602.0000 3506.0000 3488.0000 3534.0000 3501.0000 3478.0000 3831.0000 3644.0000 
119.4000 3835.0000 3764.0000 3667.0000 3815.0000 3682.0000 3871.0000 3948.0000 3832.0000 
119.6000 3748.0000 3553.0000 3597.0000 3538.0000 3530.0000 3573.0000 3766.0000 3696.0000 
119.8000 3871.0000 3957.0000 3825.0000 3731.0000 3897.0000 3696.0000 3819.0000 3927.0000 
120.0000 3673.0000 3638.0000 3462.0000 3459.0000 3725.0000 3651.0000 3673.0000 3549.0000 
120.2000 3824.0000 3761.0000 3850.0000 3777.0000 3834.0000 3765.0000 3745.0000 3777.0000 
120.4000 3727.0000 3645.0000 3523.0000 3498.0000 3703.0000 3631.0000 3814.0000 3623.0000 
120.6000 3977.0000 3776.0000 3745.0000 3813.0000 3971.0000 3739.0000 4077.0000 3909.0000 
120.8000 3569.0000 3608.0000 3506.0000 3452.0000 3622.0000 3613.0000 3605.0000 3638.0000 
121.0000 3786.0000 4061.0000 3819.0000 3865.0000 4007.0000 3940.0000 3801.0000 3786.0000 
121.2000 3611.0000 3641.0000 3507.0000 3644.0000 3558.0000 3541.0000 3729.0000 3630.0000 
121.4000 3861.0000 3827.0000 3668.0000 3743.0000 3716.0000 3921.0000 3968.0000 3809.0000 
121.6000 3535.0000 3458.0000 3565.0000 3549.0000 3537.0000 3618.0000 3670.0000 3583.0000 
121.8000 3789.0000 3910.0000 3574.0000 3725.0000 3646.0000 3759.0000 3967.0000 3890.0000 
122.0000 3643.0000 3667.0000 3587.0000 3564.0000 3658.0000 3526.0000 3744.0000 3489.0000 
122.2000 3958.0000 3793.0000 3738.0000 3687.0000 3783.0000 3815.0000 3997.0000 3855.0000 
122.4000 3560.0000 3555.0000 3560.0000 3516.0000 3471.0000 3479.0000 3655.0000 3526.0000 
122.6000 3732.0000 3782.0000 3557.0000 3844.0000 3772.0000 3787.0000 3932.0000 3867.0000 
122.8000 3675.0000 3627.0000 3601.0000 3607.0000 3529.0000 3615.0000 3719.0000 3551.0000 
123.0000 3845.0000 3923.0000 3751.0000 3831.0000 3842.0000 3822.0000 3954.0000 3807.0000 
123.2000 3741.0000 3680.0000 3537.0000 3548.0000 3607.0000 3630.0000 3699.0000 3539.0000 
123.4000 3787.0000 3725.0000 3697.0000 3790.0000 3711.0000 3944.0000 3859.0000 3962.0000 
123.6000 3745.0000 3552.0000 3569.0000 3500.0000 3644.0000 3611.0000 3677.0000 3603.0000 
123.8000 3740.0000 4022.0000 3863.0000 3680.0000 3984.0000 3776.0000 3892.0000 3843.0000 
124.0000 3701.0000 3770.0000 3506.0000 3571.0000 3527.0000 3707.0000 3696.0000 3656.0000 
124.2000 3859.0000 3940.0000 3545.0000 3688.0000 3763.0000 3676.0000 3796.0000 3790.0000 
124.4000 3674.0000 3648.0000 3517.0000 3667.0000 3613.0000 3453.0000 3632.0000 3573.0000 
124.6000 3936.0000 3801.0000 3768.0000 3773.0000 3986.0000 3730.0000 3936.0000 3861.0000 
124.8000 3742.0000 3577.0000 3551.0000 3611.0000 3697.0000 3657.0000 3565.0000 3624.0000 
125.0000 3854.0000 3776.0000 3710.0000 3647.0000 3828.0000 3704.0000 3869.0000 3684.0000 
125.2000 3592.0000 3558.0000 3577.0000 3470.0000 3539.0000 3657.0000 3685.0000 3602.0000 
125.4000 3803.0000 3910.0000 3646.0000 3733.0000 3908.0000 3895.0000 3994.0000 3892.0000 
125.6000 3808.0000 3604.0000 3562.0000 3433.0000 3603.0000 3549.0000 3695.0000 3565.0000 
125.8000 3801.0000 3821.0000 3702.0000 3746.0000 3910.0000 3835.0000 3980.0000 3804.0000 
126.0000 3555.0000 3608.0000 3627.0000 3446.0000 3597.0000 3616.0000 3685.0000 3730.0000 
126.2000 3862.0000 3803.0000 3633.0000 3730.0000 3803.0000 3684.0000 3922.0000 3922.0000 
126.4000 3746.0000 3659.0000 3489.0000 3674.0000 3487.0000 3678.0000 3557.0000 3692.0000 
126.6000 3955.0000 3817.0000 3804.0000 3705.0000 3806.0000 3753.0000 3928.0000 3700.0000 
126.8000 3700.0000 3650.0000 3567.0000 3540.0000 3538.0000 3548.0000 3684.0000 3542.0000 
127.0000 3836.0000 3935.0000 3751.0000 3934.0000 3826.0000 3752.0000 3968.0000 3896.0000 
127.2000 3626.0000 3607.0000 3507.0000 3512.0000 3626.0000 3603.0000 3675.0000 3714.0000 
127.4000 3927.0000 3830.0000 3658.0000 3878.0000 3780.0000 3898.0000 3923.0000 3927.0000 
127.6000 3788.0000 3602.0000 3563.0000 3655.0000 3494.0000 3563.0000 3700.0000 3669.0000 
127.8000 3690.0000 3795.0000 3643.0000 3691.0000 3964.0000 3672.0000 3921.0000 3855.0000 
128.0000 3769.0000 3539.0000 3625.0000 3574.0000 3641.0000 3588.0000 3496.0000 3672.0000 
128.2000 3804.0000 3723.0000 3684.0000 3628.0000 3765.0000 3708.0000 3798.0000 3949.0000 
128.4000 3733.0000 3611.0000 3584.0000 3540.0000 3759.0000 3707.0000 3748.0000 3624.0000 
128.6000 3854.0000 3683.0000 3792.0000 3708.0000 3857.0000 3833.0000 3881.0000 3840.0000 
128.8000 3651.0000 3533.0000 3524.0000 3440.0000 3757.0000 3653.0000 3786.0000 3660.0000 
129.0000 3814.0000 3752.0000 3616.0000 3712.0000 3714.0000 3827.0000 3900.0000 3781.0000 
129.2000 3646.0000 3622.0000 3441.0000 3534.0000 3632.0000 3511.0000 3753.0000 3567.0000 
129.4000 3933.0000 3797.0000 3701.0000 3693.0000 3812.0000 3843.0000 3943.0000 3868.0000 
129.6000 3804.0000 3629.0000 3519.0000 3467.0000 3678.0000 3602.0000 3742.0000 3588.0000 
129.8000 3834.0000 3794.0000 3719.0000 3620.0000 3883.0000 3745.0000 3912.0000 3963.0000 
130.0000 3513.0000 3646.0000 3520.0000 3542.0000 3621.0000 3517.0000 3770.0000 3485.0000 
130.2000 3967.0000 3789.0000 3734.0000 3851.0000 3766.0000 3894.0000 3972.0000 3854.0000 
130.4000 3474.0000 3613.0000 3584.0000 3545.0000 3644.0000 3517.0000 3828.0000 3678.0000 
130.6000 3895.0000 3889.0000 3740.0000 3829.0000 3783.0000 3855.0000 4010.0000 3705.0000 
130.8000 3633.0000 3652.0000 3594.0000 3658.0000 3571.0000 3610.0000 3629.0000 3591.0000 
131.0000 3819.0000 3754.0000 3844.0000 3744.0000 3803.0000 3853.0000 3891.0000 3674.0000 
131.2000 3743.0000 3747.0000 3575.0000 3545.0000 3558.0000 3547.0000 3672.0000 3580.0000 
131.4000 3743.0000 3992.0000 3774.0000 3682.0000 3778.0000 3802.0000 3833.0000 3987.0000 
131.6000 3743.0000 3664.0000 3501.0000 3667.0000 3674.0000 3543.0000 3797.0000 3654.0000 
131.8000 3793.0000 3793.0000 3764.0000 3685.0000 3792.0000 4023.0000 3823.0000 3882.0000 
132.0000 3614.0000 3596.0000 3540.0000 3539.0000 3527.0000 3587.0000 3733.0000 3733.0000 
132.2000 3825.0000 3749.0000 3774.0000 3699.0000 3967.0000 3832.0000 3941.0000 3842.0000 
132.4000 3621.0000 3581.0000 3454.0000 3477.0000 3676.0000 3592.0000 3630.0000 3630.0000 
132.6000 3769.0000 3862.0000 3691.0000 3792.0000 4052.0000 4003.0000 3803.0000 3960.0000 
132.8000 3529.0000 3652.0000 3523.0000 3532.0000 3608.0000 3532.0000 3554.0000 3645.0000 
133.0000 3849.0000 3877.0000 3723.0000 3682.0000 3672.0000 3724.0000 3763.0000 3760.0000 
133.2000 3579.0000 3739.0000 3507.0000 3603.0000 3671.0000 3376.0000 3671.0000 3591.0000 
133.4000 3907.0000 3970.0000 3727.0000 3810.0000 3788.0000 4065.0000 4023.0000 3869.0000 
133.6000 3601.0000 3604.0000 3504.0000 3603.0000 3658.0000 3666.0000 3717.0000 3658.0000 
133.8000 3844.0000 3890.0000 3732.0000 3681.0000 3788.0000 3807.0000 3862.0000 3865.0000 
134.0000 3714.0000 3655.0000 3604.0000 3615.0000 3791.0000 3471.0000 3694.0000 3696.0000 
134.2000 3739.0000 3726.0000 3766.0000 3710.0000 3804.0000 3928.0000 3991.0000 3967.0000 
134.4000 3512.0000 3752.0000 3548.0000 3440.0000 3708.0000 3599.0000 3740.0000 3659.0000 
134.6000 3889.0000 3914.0000 3699.0000 3776.0000 3763.0000 3747.0000 3925.0000 3992.0000 
134.8000 3625.0000 3588.0000 3422.0000 3651.0000 3578.0000 3564.0000 3643.0000 3632.0000 
135.0000 3810.0000 3906.0000 3680.0000 3900.0000 3873.0000 3785.0000 3901.0000 3839.0000 
135.2000 3752.0000 3701.0000 3453.0000 3476.0000 3578.0000 3541.0000 3656.0000 3670.0000 
135.4000 3933.0000 3880.0000 3745.0000 3738.0000 3692.0000 3714.0000 3870.0000 3853.0000 
135.6000 3652.0000 3682.0000 3510.0000 3684.0000 3632.0000 3640.0000 3670.0000 3690.0000 
135.8000 3833.0000 3742.0000 3773.0000 3705.0000 3775.0000 3806.0000 3816.0000 3812.0000 
136.0000 3643.0000 3629.0000 3547.0000 3619.0000 3637.0000 3563.0000 3883.0000 3619.0000 
136.2000 3795.0000 3707.0000 3720.0000 3611.0000 3748.0000 3635.0000 3866.0000 3862.0000 
136.4000 3747.0000 3626.0000 3574.0000 3478.0000 3680.0000 3653.0000 3693.0000 3652.0000 
136.6000 3755.0000 3821.0000 3659.0000 3762.0000 3804.0000 3667.0000 3936.0000 3941.0000 
136.8000 3732.0000 3556.0000 3549.0000 3551.0000 3627.0000 3492.0000 3649.0000 3710.0000 
137.0000 3831.0000 3874.0000 3653.0000 3689.0000 3939.0000 3740.0000 3942.0000 3812.0000 
137.2000 3546.0000 3533.0000 3535.0000 3575.0000 3630.0000 3558.0000 3695.0000 3679.0000 
137.4000 3921.0000 3798.0000 3866.0000 3791.0000 3861.0000 3758.0000 3826.0000 3931.0000 
137.6000 3654.0000 3574.0000 3511.0000 3587.0000 3496.0000 3638.0000 3752.0000 3727.0000 
137.8000 3864.0000 3768.0000 3760.0000 3757.0000 3844.0000 3749.0000 3796.0000 3841.0000 
138.0000 3828.0000 3637.0000 3543.0000 3554.0000 3591.0000 3614.0000 3714.0000 3745.0000 
138.2000 3777.0000 3761.0000 3596.0000 3666.0000 3715.0000 3810.0000 3823.0000 3838.0000 
138.4000 3631.0000 3561.0000 3435.0000 3586.0000 3609.0000 3571.0000 3680.0000 3542.0000 
138.6000 3833.0000 3749.0000 3703.0000 3692.0000 3794.0000 3861.0000 3796.0000 3829.0000 
138.8000 3793.0000 3429.0000 3647.0000 3599.0000 3505.0000 3412.0000 3804.0000 3711.0000 
139.0000 3863.0000 3719.0000 3695.0000 3754.0000 3866.0000 3812.0000 3896.0000 3882.0000 
139.2000 3849.0000 3511.0000 3528.0000 3607.0000 3649.0000 3724.0000 3772.0000 3682.0000 
139.4000 3766.0000 3734.0000 3712.0000 3713.0000 3713.0000 3630.0000 3857.0000 3919.0000 
139.6000 3691.0000 3573.0000 3493.0000 3556.0000 3480.0000 3463.0000 3735.0000 3741.0000 
139.8000 3933.0000 3827.0000 3726.0000 3955.0000 3943.0000 3756.0000 3888.0000 3936.0000 
140.0000 3735.0000 3637.0000 3705.0000 3759.0000 3697.0000 3575.0000 3772.0000 3685.0000 
140.2000 3791.0000 3906.0000 3745.0000 3903.0000 3916.0000 3870.0000 3854.0000 3871.0000 
140.4000 3647.0000 3527.0000 3477.0000 3588.0000 3589.0000 3640.0000 3736.0000 3608.0000 
140.6000 3798.0000 3761.0000 3802.0000 3804.0000 3670.0000 3914.0000 4004.0000 3936.0000 
140.8000 3719.0000 3635.0000 3538.0000 3572.0000 3683.0000 3565.0000 3649.0000 3586.0000 
141.0000 3751.0000 3846.0000 3814.0000 3834.0000 3777.0000 3895.0000 3940.0000 3878.0000 
141.2000 3647.0000 3752.0000 3479.0000 3577.0000 3629.0000 3481.0000 3729.0000 3576.0000 
141.4000 3885.0000 3830.0000 3845.0000 3749.0000 3826.0000 3697.0000 4001.0000 3718.0000 
141.6000 3656.0000 3598.0000 3491.0000 3492.0000 3727.0000 3599.0000 3748.0000 3567.0000 
141.8000 3791.0000 3777.0000 3567.0000 3716.0000 3712.0000 3730.0000 3880.0000 3842.0000 
142.0000 3562.0000 3376.0000 3543.0000 3583.0000 3509.0000 3615.0000 3664.0000 3586.0000 
142.2000 3785.0000 3745.0000 3691.0000 3654.0000 3730.0000 3674.0000 3910.0000 3895.0000 
142.4000 3682.0000 3737.0000 3715.0000 3569.0000 3607.0000 3515.0000 3706.0000 3652.0000 
142.6000 3878.0000 3713.0000 3773.0000 3790.0000 3898.0000 3819.0000 3797.0000 3842.0000 
142.8000 3630.0000 3620.0000 3750.0000 3438.0000 3559.0000 3533.0000 3827.0000 3691.0000 
143.0000 3763.0000 3785.0000 3744.0000 3659.0000 3755.0000 3824.0000 3892.0000 3757.0000 
143.2000 3654.0000 3721.0000 3498.0000 3638.0000 3553.0000 3475.0000 3633.0000 3540.0000 
143.4000 3969.0000 3894.0000 3854.0000 3667.0000 3657.0000 3797.0000 3951.0000 3941.0000 
143.6000 3840.0000 3575.0000 3603.0000 3573.0000 3622.0000 3638.0000 3668.0000 3457.0000 
143.8000 3895.0000 3865.0000 3799.0000 3737.0000 3780.0000 3667.0000 3924.0000 3932.0000 
144.0000 3810.0000 3678.0000 3509.0000 3653.0000 3603.0000 3647.0000 3847.0000 3493.0000 
144.2000 3811.0000 3746.0000 3795.0000 3735.0000 3866.0000 3707.0000 3939.0000 3799.0000 
144.4000 3698.0000 3650.0000 3587.0000 3414.0000 3630.0000 3438.0000 3700.0000 3708.0000 
144.6000 3904.0000 3707.0000 3742.0000 3727.0000 3822.0000 3750.0000 4062.0000 4012.0000 
144.8000 3709.0000 3623.0000 3548.0000 3513.0000 3510.0000 3635.0000 3586.0000 3703.0000 
145.0000 3950.0000 3822.0000 3783.0000 3651.0000 3804.0000 3722.0000 3864.0000 3748.0000 
145.2000 3620.0000 3569.0000 3740.0000 3544.0000 3601.0000 3617.0000 3796.0000 3758.0000 
145.4000 3872.0000 3867.0000 3702.0000 3771.0000 3836.0000 3786.0000 3961.0000 3786.0000 
145.6000 3608.0000 3708.0000 3580.0000 3670.0000 3663.0000 3588.0000 3691.0000 3622.0000 
145.8000 3801.0000 3701.0000 3719.0000 3711.0000 3987.0000 3832.0000 3835.0000 3791.0000 
146.0000 3527.0000 3730.0000 3533.0000 3666.0000 3776.0000 3515.0000 3633.0000 3716.0000 
146.2000 3932.0000 3865.0000 3856.0000 3878.0000 3798.0000 3947.0000 3958.0000 3820.0000 
146.4000 3682.0000 3652.0000 3572.0000 3623.0000 3636.0000 3571.0000 3895.0000 3776.0000 
146.6000 3877.0000 3733.0000 3697.0000 3720.0000 3795.0000 3892.0000 4086.0000 3764.0000 
146.8000 3798.0000 3516.0000 3546.0000 3521.0000 3565.0000 3700.0000 3677.0000 3491.0000 
147.0000 3925.0000 3785.0000 3806.0000 3673.0000 3740.0000 3749.0000 3805.0000 3841.0000 
147.2000 3679.0000 3677.0000 3505.0000 3604.0000 3596.0000 3518.0000 3749.0000 3540.0000 
147.4000 3830.0000 3868.0000 3675.0000 3766.0000 3762.0000 3959.0000 3835.0000 3764.0000 
147.6000 3675.0000 3576.0000 3527.0000 3505.0000 3474.0000 3580.0000 3707.0000 3529.0000 
147.8000 3727.0000 3745.0000 3664.0000 3926.0000 3883.0000 3750.0000 4026.0000 3903.0000 
148.0000 3644.0000 3599.0000 3559.0000 3310.0000 3628.0000 3569.0000 3638.0000 3536.0000 
148.2000 3865.0000 3751.0000 3687.0000 3686.0000 3796.0000 3703.0000 3872.0000 3857.0000 
148.4000 3743.0000 3674.0000 3675.0000 3536.0000 3692.0000 3582.0000 3601.0000 3630.0000 
148.6000 3754.0000 3931.0000 3817.0000 3803.0000 3987.0000 3730.0000 3829.0000 3899.0000 
148.8000 3650.0000 3596.0000 3685.0000 3568.0000 3773.0000 3570.0000 3759.0000 3591.0000 
149.0000 3797.0000 3915.0000 3739.0000 3700.0000 3795.0000 3795.0000 4104.0000 3786.0000 
149.2000 3750.0000 3729.0000 3412.0000 3536.0000 3670.0000 3557.0000 3814.0000 3614.0000 
149.4000 3837.0000 3923.0000 3616.0000 3733.0000 3851.0000 3864.0000 3974.0000 3754.0000 
149.6000 3703.0000 3563.0000 3384.0000 3609.0000 3708.0000 3513.0000 3807.0000 3612.0000 
149.8000 3882.0000 3803.0000 3833.0000 3680.0000 3877.0000 3822.0000 3897.0000 3874.0000 
150.0000 3547.0000 3609.0000 3668.0000 3475.0000 3528.0000 3771.0000 3779.0000 3549.0000 
150.2000 3928.0000 3874.0000 3751.0000 3856.0000 3977.0000 3724.0000 3995.0000 3931.0000 
150.4000 3787.0000 3679.0000 3485.0000 3638.0000 3711.0000 3444.0000 3613.0000 3435.0000 
150.6000 3781.0000 3667.0000 3736.0000 3735.0000 3663.0000 3929.0000 3953.0000 3832.0000 
150.8000 3679.0000 3606.0000 3616.0000 3522.0000 3567.0000 3552.0000 3671.0000 3671.0000 
151.0000 3855.0000 3885.0000 3740.0000 3723.0000 3882.0000 3718.0000 3936.0000 3939.0000 
151.2000 3701.0000 3538.0000 3573.0000 3398.0000 3605.0000 3544.0000 3666.0000 3528.0000 
151.4000 3872.0000 3690.0000 3597.0000 3853.0000 3971.0000 3673.0000 3995.0000 3733.0000 
151.6000 3641.0000 3528.0000 3463.0000 3534.0000 3866.0000 3612.0000 3739.0000 3618.0000 
151.8000 3855.0000 3846.0000 3704.0000 3864.0000 3854.0000 3902.0000 3889.0000 3843.0000 
152.0000 3605.0000 3600.0000 3612.0000 3433.0000 3648.0000 3535.0000 3677.0000 3705.0000 
152.2000 3800.0000 3897.0000 3629.0000 3664.0000 3799.0000 3881.0000 3932.0000 3963.0000 
152.4000 3664.0000 3570.0000 3480.0000 3593.0000 3707.0000 3447.0000 3629.0000 3818.0000 
152.6000 3910.0000 3965.0000 3837.0000 3847.0000 3782.0000 3854.0000 3987.0000 3890.0000 
152.8000 3734.0000 3681.0000 3561.0000 3631.0000 3627.0000 3529.0000 3629.0000 3686.0000 
153.0000 3926.0000 3740.0000 3764.0000 3632.0000 3934.0000 3802.0000 3893.0000 3819.0000 
153.2000 3701.0000 3739.0000 3495.0000 3443.0000 3638.0000 3474.0000 3767.0000 3620.0000 
153.4000 3831.0000 3828.0000 3651.0000 3594.0000 3746.0000 3791.0000 3810.0000 3732.0000 
153.6000 3814.0000 3575.0000 3618.0000 3525.0000 3687.0000 3518.0000 3773.0000 3662.0000 
153.8000 3800.0000 3897.0000 3732.0000 3711.0000 3693.0000 3701.0000 3936.0000 3868.0000 
154.0000 3775.0000 3584.0000 3364.0000 3594.0000 3504.0000 3439.0000 3624.0000 3581.0000 
154.2000 3867.0000 3867.0000 3678.0000 3684.0000 3809.0000 3845.0000 3827.0000 3935.0000 
154.4000 3627.0000 3563.0000 3457.0000 3411.0000 3657.0000 3496.0000 3653.0000 3658.0000 
154.6000 3729.0000 3717.0000 3835.0000 3759.0000 3903.0000 3700.0000 3882.0000 3723.0000 
154.8000 3659.0000 3721.0000 3615.0000 3691.0000 3611.0000 3565.0000 3609.0000 3713.0000 
155.0000 3818.0000 3757.0000 3693.0000 3831.0000 3951.0000 3693.0000 3880.0000 3804.0000 
155.2000 3777.0000 3679.0000 3649.0000 3595.0000 3591.0000 3709.0000 3790.0000 3709.0000 
155.4000 3934.0000 3781.0000 3827.0000 3774.0000 3907.0000 3899.0000 3976.0000 3836.0000 
155.6000 3630.0000 3718.0000 3578.0000 3669.0000 3596.0000 3464.0000 3676.0000 3574.0000 
155.8000 3867.0000 3907.0000 3764.0000 3768.0000 3994.0000 3797.0000 3953.0000 3878.0000 
156.0000 3528.0000 3549.0000 3563.0000 3542.0000 3634.0000 3564.0000 3787.0000 3509.0000 
156.2000 3936.0000 3794.0000 3685.0000 3757.0000 3897.0000 3785.0000 3798.0000 3892.0000 
156.4000 3676.0000 3475.0000 3368.0000 3692.0000 3588.0000 3546.0000 3681.0000 3700.0000 
156.6000 3829.0000 3791.0000 3668.0000 3754.0000 3984.0000 3742.0000 3910.0000 3912.0000 
156.8000 3608.0000 3529.0000 3393.0000 3490.0000 3596.0000 3550.0000 3772.0000 3657.0000 
157.0000 4025.0000 3726.0000 3685.0000 3694.0000 3779.0000 3891.0000 3903.0000 3784.0000 
157.2000 3516.0000 3619.0000 3542.0000 3475.0000 3667.0000 3487.0000 3668.0000 3705.0000 
157.4000 3920.0000 3917.0000 3866.0000 3814.0000 3811.0000 3729.0000 3962.0000 3909.0000 
157.6000 3562.0000 3637.0000 3556.0000 3320.0000 3608.0000 3596.0000 3779.0000 3610.0000 
157.8000 3757.0000 3991.0000 3789.0000 3669.0000 3799.0000 3821.0000 3796.0000 3845.0000 
158.0000 3789.0000 3580.0000 3459.0000 3593.0000 3532.0000 3489.0000 3780.0000 3642.0000 
158.2000 3862.0000 3908.0000 3709.0000 3833.0000 3877.0000 3775.0000 3939.0000 3838.0000 
158.4000 3523.0000 3702.0000 3512.0000 3579.0000 3553.0000 3611.0000 3689.0000 3755.0000 
158.6000 3780.0000 3857.0000 3653.0000 3657.0000 3664.0000 3924.0000 4026.0000 3741.0000 
158.8000 3767.0000 3585.0000 3475.0000 3466.0000 3630.0000 3668.0000 3643.0000 3658.0000 
159.0000 3904.0000 4007.0000 4003.0000 3776.0000 3874.0000 3855.0000 4021.0000 3985.0000 
159.2000 3789.0000 3639.0000 3529.0000 3742.0000 3630.0000 3722.0000 3831.0000 3703.0000 
159.4000 3848.0000 3934.0000 3754.0000 3651.0000 4009.0000 3767.0000 3942.0000 3862.0000 
159.6000 3595.0000 3713.0000 3620.0000 3494.0000 3615.0000 3661.0000 3781.0000 3552.0000 
159.8000 3969.0000 3771.0000 3780.0000 3734.0000 3903.0000 3623.0000 4078.0000 3884.0000 
160.0000 3686.0000 3621.0000 3517.0000 3809.0000 3560.0000 3550.0000 3953.0000 3653.0000 
160.2000 3754.0000 3890.0000 3656.0000 3810.0000 3804.0000 3839.0000 3892.0000 3914.0000 
160.4000 3676.0000 3538.0000 3621.0000 3387.0000 3572.0000 3707.0000 3717.0000 3714.0000 
160.6000 3929.0000 3625.0000 3784.0000 3655.0000 3862.0000 3765.0000 3877.0000 3976.0000 
160.8000 3592.0000 3711.0000 3515.0000 3549.0000 3499.0000 3606.0000 3814.0000 3696.0000 
161.0000 3960.0000 3774.0000 3827.0000 3916.0000 3940.0000 3975.0000 3739.0000 3924.0000 
161.2000 3731.0000 3597.0000 3428.0000 3499.0000 3674.0000 3550.0000 3775.0000 3652.0000 
161.4000 3838.0000 3822.0000 3822.0000 3661.0000 3942.0000 3725.0000 3831.0000 3946.0000 
161.6000 3542.0000 3601.0000 3663.0000 3594.0000 3765.0000 3664.0000 3665.0000 3684.0000 
161.8000 3940.0000 3724.0000 3945.0000 3815.0000 3932.0000 3772.0000 3723.0000 3963.0000 
162.0000 3688.0000 3712.0000 3509.0000 3623.0000 3650.0000 3572.0000 3848.0000 3589.0000 
162.2000 3826.0000 3798.0000 3688.0000 3714.0000 3785.0000 3767.0000 4006.0000 3849.0000 
162.4000 3628.0000 3803.0000 3651.0000 3548.0000 3556.0000 3566.0000 3722.0000 3723.0000 
162.6000 3912.0000 3774.0000 3813.0000 3723.0000 3931.0000 3646.0000 3867.0000 3899.0000 
162.8000 3659.0000 3615.0000 3530.0000 3413.0000 3703.0000 3464.0000 3629.0000 3598.0000 
163.0000 3855.0000 3795.0000 3594.0000 3659.0000 3853.0000 3624.0000 3813.0000 3846.0000 
163.2000 3748.0000 3758.0000 3577.0000 3624.0000 3733.0000 3583.0000 3740.0000 3652.0000 
163.4000 3875.0000 3634.0000 3912.0000 3802.0000 3929.0000 3650.0000 4133.0000 3912.0000 
163.6000 3623.0000 3578.0000 3532.0000 3577.0000 3517.0000 3717.0000 3668.0000 3622.0000 
163.8000 3847.0000 3869.0000 3674.0000 3643.0000 3852.0000 3757.0000 4052.0000 3753.0000 
164.0000 3654.0000 3629.0000 3605.0000 3620.0000 3768.0000 3586.0000 3729.0000 3622.0000 
164.2000 3823.0000 3825.0000 3597.0000 3686.0000 3890.0000 3752.0000 3942.0000 3608.0000 
164.4000 3719.0000 3632.0000 3562.0000 3555.0000 3695.0000 3556.0000 3960.0000 3633.0000 
164.6000 3950.0000 3872.0000 3742.0000 3611.0000 3822.0000 3782.0000 3949.0000 3859.0000 
164.8000 3830.0000 3588.0000 3712.0000 3631.0000 3663.0000 3557.0000 3709.0000 3660.0000 
165.0000 3978.0000 3758.0000 3786.0000 3731.0000 3850.0000 3669.0000 3845.0000 3831.0000 
165.2000 3723.0000 3511.0000 3621.0000 3438.0000 3575.0000 3690.0000 3711.0000 3686.0000 
165.4000 3831.0000 3854.0000 3750.0000 3948.0000 3813.0000 3881.0000 4057.0000 3909.0000 
165.6000 3665.0000 3582.0000 3521.0000 3580.0000 3658.0000 3440.0000 3710.0000 3789.0000 
165.8000 3957.0000 3693.0000 3812.0000 3690.0000 3732.0000 3861.0000 4067.0000 4091.0000 
166.0000 3660.0000 3755.0000 3617.0000 3518.0000 3610.0000 3615.0000 3643.0000 3549.0000 
166.2000 4036.0000 3902.0000 3842.0000 3730.0000 3876.0000 3851.0000 3929.0000 3872.0000 
166.4000 3552.0000 3645.0000 3312.0000 3500.0000 3633.0000 3643.0000 3751.0000 3632.0000 
166.6000 3988.0000 3803.0000 3761.0000 3894.0000 3856.0000 3819.0000 3860.0000 3957.0000 
166.8000 3711.0000 3681.0000 3513.0000 3485.0000 3551.0000 3403.0000 3630.0000 3727.0000 
167.0000 3920.0000 3875.0000 3793.0000 3700.0000 3946.0000 3946.0000 3948.0000 3894.0000 
167.2000 3650.0000 3559.0000 3508.0000 3341.0000 3654.0000 3452.0000 3689.0000 3475.0000 
167.4000 3851.0000 3585.0000 3728.0000 3892.0000 3810.0000 3922.0000 3820.0000 3637.0000 
167.6000 3703.0000 3586.0000 3576.0000 3469.0000 3532.0000 3503.0000 3842.0000 3478.0000 
167.8000 3844.0000 3722.0000 3602.0000 3775.0000 3874.0000 3887.0000 3857.0000 3873.0000 
168.0000 3638.0000 3594.0000 3400.0000 3602.0000 3510.0000 3632.0000 3656.0000 3683.0000 
168.2000 3866.0000 3742.0000 3658.0000 3797.0000 3791.0000 3766.0000 3945.0000 3696.0000 
168.4000 3603.0000 3630.0000 3570.0000 3571.0000 3732.0000 3555.0000 3634.0000 3595.0000 
168.6000 3911.0000 3827.0000 3629.0000 3565.0000 3873.0000 3911.0000 3908.0000 3836.0000 
168.8000 3708.0000 3724.0000 3595.0000 3443.0000 3522.0000 3625.0000 3712.0000 3670.0000 
169.0000 3886.0000 3771.0000 3646.0000 3716.0000 3744.0000 3896.0000 3832.0000 3751.0000 
169.2000 3677.0000 3665.0000 3580.0000 3549.0000 3660.0000 3599.0000 3735.0000 3633.0000 
169.4000 3844.0000 3757.0000 3866.0000 3688.0000 3927.0000 3927.0000 3911.0000 3861.0000 
169.6000 3806.0000 3792.0000 3530.0000 3509.0000 3709.0000 3612.0000 3787.0000 3745.0000 
169.8000 3810.0000 3880.0000 3741.0000 3578.0000 3801.0000 3823.0000 3996.0000 3795.0000 
170.0000 3655.0000 3689.0000 3564.0000 3566.0000 3695.0000 3703.0000 3792.0000 3461.0000 
170.2000 3865.0000 3992.0000 3733.0000 3752.0000 3919.0000 3767.0000 3961.0000 3786.0000 
170.4000 3654.0000 3487.0000 3563.0000 3504.0000 3557.0000 3492.0000 3593.0000 3526.0000 
170.6000 3908.0000 3834.0000 3746.0000 3799.0000 3899.0000 3927.0000 3768.0000 3882.0000 
170.8000 3798.0000 3551.0000 3518.0000 3559.0000 3683.0000 3454.0000 3707.0000 3571.0000 
171.0000 3810.0000 3750.0000 3729.0000 3860.0000 3811.0000 3688.0000 3935.0000 3963.0000 
171.2000 3639.0000 3713.0000 3508.0000 3733.0000 3631.0000 3686.0000 3735.0000 3729.0000 
171.4000 3924.0000 3871.0000 3746.0000 3909.0000 3938.0000 3791.0000 3957.0000 3773.0000 
171.6000 3787.0000 3665.0000 3571.0000 3524.0000 3725.0000 3653.0000 3542.0000 3711.0000 
171.8000 3819.0000 3986.0000 3789.0000 4039.0000 3921.0000 3877.0000 3982.0000 3897.0000 
172.0000 3761.0000 3653.0000 3722.0000 3717.0000 3702.0000 3547.0000 3788.0000 3621.0000 
172.2000 3745.0000 3756.0000 3583.0000 3791.0000 3784.0000 3812.0000 3988.0000 3835.0000 
172.4000 3643.0000 3604.0000 3586.0000 3535.0000 3488.0000 3629.0000 3769.0000 3584.0000 
172.6000 3764.0000 3771.0000 3767.0000 3744.0000 3771.0000 3856.0000 4080.0000 3855.0000 
172.8000 3815.0000 3504.0000 3458.0000 3642.0000 3638.0000 3530.0000 3761.0000 3629.0000 
173.0000 4002.0000 3712.0000 3804.0000 3736.0000 3912.0000 3765.0000 3982.0000 4000.0000 
173.2000 3701.0000 3451.0000 3601.0000 3461.0000 3584.0000 3493.0000 3750.0000 3513.0000 
173.4000 3828.0000 3885.0000 3820.0000 3682.0000 3707.0000 3849.0000 3998.0000 3845.0000 
173.6000 3692.0000 3621.0000 3583.0000 3519.0000 3590.0000 3478.0000 3734.0000 3723.0000 
173.8000 3880.0000 3831.0000 3662.0000 3710.0000 3867.0000 3727.0000 4031.0000 3729.0000 
174.0000 3744.0000 3465.0000 3434.0000 3633.0000 3620.0000 3496.0000 3815.0000 3711.0000 
174.2000 3739.0000 3797.0000 3684.0000 3715.0000 3615.0000 3896.0000 3819.0000 3839.0000 
174.4000 3757.0000 3667.0000 3631.0000 3531.0000 3659.0000 3524.0000 3676.0000 3679.0000 
174.6000 3835.0000 3725.0000 3750.0000 3805.0000 3754.0000 3629.0000 3909.0000 3866.0000 
174.8000 3657.0000 3688.0000 3468.0000 3437.0000 3640.0000 3471.0000 3731.0000 3645.0000 
175.0000 3818.0000 3859.0000 3776.0000 3888.0000 3861.0000 3895.0000 4062.0000 3744.0000 
175.2000 3679.0000 3671.0000 3463.0000 3470.0000 3593.0000 3647.0000 3789.0000 3568.0000 
175.4000 3894.0000 3950.0000 3817.0000 3731.0000 3710.0000 3621.0000 3702.0000 3827.0000 
175.6000 3489.0000 3565.0000 3620.0000 3595.0000 3753.0000 3561.0000 3867.0000 3571.0000 
175.8000 3811.0000 3878.0000 3761.0000 3746.0000 3907.0000 3718.0000 3919.0000 3854.0000 
176.0000 3688.0000 3549.0000 3620.0000 3579.0000 3664.0000 3607.0000 3766.0000 3623.0000 
176.2000 3768.0000 3854.0000 3843.0000 3848.0000 3823.0000 3792.0000 4018.0000 3933.0000 
176.4000 3597.0000 3635.0000 3447.0000 3494.0000 3731.0000 3643.0000 3668.0000 3789.0000 
176.6000 3982.0000 3875.0000 3741.0000 3721.0000 3952.0000 3773.0000 4005.0000 3949.0000 
176.8000 3617.0000 3639.0000 3493.0000 3465.0000 3776.0000 3755.0000 3753.0000 3730.0000 
177.0000 3861.0000 3897.0000 3695.0000 3717.0000 3737.0000 3689.0000 4032.0000 3919.0000 
177.2000 3679.0000 3582.0000 3473.0000 3633.0000 3605.0000 3618.0000 3695.0000 3462.0000 
177.4000 3668.0000 3774.0000 3784.0000 3779.0000 3812.0000 3823.0000 4066.0000 3904.0000 
177.6000 3595.0000 3486.0000 3495.0000 3615.0000 3736.0000 3621.0000 3790.0000 3583.0000 
177.8000 3765.0000 4040.0000 3926.0000 3763.0000 3801.0000 3749.0000 4095.0000 4044.0000 
178.0000 3676.0000 3659.0000 3508.0000 3553.0000 3685.0000 3647.0000 3542.0000 3619.0000 
178.2000 3974.0000 3751.0000 3757.0000 3745.0000 3895.0000 3823.0000 4054.0000 4061.0000 
178.4000 3626.0000 3517.0000 3512.0000 3618.0000 3726.0000 3655.0000 3786.0000 3484.0000 
178.6000 3822.0000 3903.0000 3831.0000 3538.0000 3762.0000 3816.0000 3964.0000 3874.0000 
178.8000 3524.0000 3461.0000 3580.0000 3563.0000 3759.0000 3637.0000 3765.0000 3605.0000 
179.0000 3867.0000 3852.0000 3541.0000 3686.0000 3919.0000 3693.0000 4037.0000 3710.0000 
179.2000 3665.0000 3601.0000 3701.0000 3637.0000 3775.0000 3610.0000 3707.0000 3646.0000 
179.4000 3845.0000 3808.0000 3738.0000 3755.0000 3790.0000 3930.0000 3794.0000 3903.0000 
179.6000 3574.0000 3639.0000 3372.0000 3428.0000 3557.0000 3477.0000 3698.0000 3609.0000 
179.8000 3798.0000 3863.0000 3693.0000 3787.0000 3822.0000 3823.0000 3840.0000 3905.0000 
180.0000 3642.0000 3588.0000 3569.0000 3594.0000 3647.0000 3571.0000 3906.0000 3574.0000 
180.2000 3836.0000 3781.0000 3830.0000 3781.0000 3620.0000 3756.0000 3879.0000 3947.0000 
180.4000 3618.0000 3518.0000 3517.0000 3645.0000 3652.0000 3533.0000 3573.0000 3598.0000 
180.6000 3935.0000 3827.0000 3825.0000 3736.0000 3814.0000 3766.0000 4023.0000 3858.0000 
180.8000 3651.0000 3577.0000 3565.0000 3479.0000 3654.0000 3485.0000 3610.0000 3852.0000 
181.0000 3902.0000 3862.0000 3798.0000 3852.0000 3847.0000 3804.0000 3968.0000 3946.0000 
181.2000 3695.0000 3602.0000 3670.0000 3543.0000 3436.0000 3497.0000 3652.0000 3536.0000 
181.4000 3933.0000 3717.0000 3759.0000 3675.0000 3838.0000 3746.0000 4096.0000 3908.0000 
181.6000 3620.0000 3596.0000 3495.0000 3540.0000 3590.0000 3743.0000 3627.0000 3793.0000 
181.8000 3896.0000 3820.0000 3514.0000 4007.0000 3822.0000 3842.0000 3975.0000 3894.0000 
182.0000 3703.0000 3663.0000 3706.0000 3538.0000 3724.0000 3608.0000 3690.0000 3583.0000 
182.2000 3746.0000 3809.0000 3737.0000 3769.0000 3935.0000 3758.0000 4037.0000 3883.0000 
182.4000 3698.0000 3590.0000 3501.0000 3579.0000 3769.0000 3582.0000 3796.0000 3700.0000 
182.6000 3795.0000 3742.0000 3759.0000 3825.0000 3729.0000 3710.0000 4021.0000 3724.0000 
182.8000 3733.0000 3519.0000 3508.0000 3476.0000 3671.0000 3518.0000 3672.0000 3704.0000 
183.0000 3816.0000 3707.0000 3815.0000 3695.0000 3832.0000 3795.0000 3906.0000 3805.0000 
183.2000 3605.0000 3666.0000 3514.0000 3625.0000 3585.0000 3660.0000 3713.0000 3583.0000 
183.4000 3762.0000 3862.0000 3823.0000 3684.0000 3957.0000 3784.0000 3911.0000 3899.0000 
183.6000 3637.0000 3703.0000 3569.0000 3628.0000 3693.0000 3558.0000 3892.0000 3605.0000 
183.8000 3748.0000 3745.0000 3652.0000 3685.0000 3830.0000 3689.0000 3903.0000 3896.0000 
184.0000 3613.0000 3646.0000 3606.0000 3401.0000 3528.0000 3561.0000 3602.0000 3806.0000 
184.2000 3697.0000 3773.0000 3893.0000 3597.0000 3765.0000 3842.0000 3911.0000 3743.0000 
184.4000 3740.0000 3653.0000 3512.0000 3514.0000 3645.0000 3558.0000 3651.0000 3698.0000 
184.6000 4014.0000 3714.0000 3845.0000 3668.0000 3691.0000 3928.0000 4070.0000 3881.0000 
184.8000 3742.0000 3606.0000 3574.0000 3649.0000 3908.0000 3603.0000 3781.0000 3661.0000 
185.0000 3912.0000 3797.0000 3821.0000 3777.0000 3922.0000 3922.0000 3995.0000 3775.0000 
185.2000 3796.0000 3706.0000 3448.0000 3514.0000 3714.0000 3504.0000 3731.0000 3647.0000 
185.4000 3853.0000 3876.0000 3828.0000 3747.0000 3734.0000 3751.0000 3981.0000 3868.0000 
185.6000 3658.0000 3706.0000 3603.0000 3649.0000 3677.0000 3595.0000 3909.0000 3592.0000 
185.8000 3967.0000 3773.0000 3788.0000 3710.0000 3786.0000 3881.0000 4028.0000 3765.0000 
186.0000 3732.0000 3594.0000 3464.0000 3620.0000 3553.0000 3489.0000 3745.0000 3644.0000 
186.2000 3827.0000 3857.0000 3869.0000 3882.0000 3869.0000 3762.0000 4019.0000 3704.0000 
186.4000 3680.0000 3549.0000 3667.0000 3491.0000 3689.0000 3453.0000 3650.0000 3643.0000 
186.6000 3825.0000 3937.0000 3748.0000 3713.0000 3800.0000 3630.0000 3956.0000 3922.0000 
186.8000 3695.0000 3585.0000 3581.0000 3617.0000 3577.0000 3568.0000 3783.0000 3534.0000 
187.0000 3922.0000 3755.0000 3863.0000 3804.0000 3901.0000 3889.0000 3824.0000 3952.0000 
187.2000 3665.0000 3554.0000 3510.0000 3573.0000 3568.0000 3655.0000 3711.0000 3589.0000 
187.4000 3773.0000 3801.0000 3694.0000 3705.0000 3669.0000 3724.0000 3931.0000 3929.0000 
187.6000 3708.0000 3669.0000 3480.0000 3525.0000 3573.0000 3374.0000 3810.0000 3675.0000 
187.8000 3755.0000 3877.0000 3741.0000 3742.0000 3724.0000 3726.0000 4011.0000 3970.0000 
188.0000 3700.0000 3554.0000 3448.0000 3640.0000 3657.0000 3590.0000 3744.0000 3605.0000 
188.2000 3860.0000 3681.0000 3793.0000 3669.0000 3732.0000 3623.0000 3881.0000 3868.0000 
188.4000 4003.0000 3916.0000 3768.0000 3633.0000 3917.0000 3763.0000 3795.0000 3863.0000 
188.6000 4107.0000 3987.0000 4031.0000 4161.0000 4096.0000 3879.0000 4183.0000 4075.0000 
188.8000 3596.0000 3540.0000 3553.0000 3705.0000 3604.0000 3542.0000 3876.0000 3573.0000 
189.0000 3851.0000 3798.0000 3727.0000 3906.0000 3822.0000 3693.0000 3875.0000 3832.0000 
189.2000 3597.0000 3598.0000 3536.0000 3486.0000 3622.0000 3407.0000 3681.0000 3550.0000 
189.4000 3738.0000 3857.0000 3810.0000 3766.0000 3909.0000 3837.0000 4038.0000 3779.0000 
189.6000 3525.0000 3675.0000 3616.0000 3559.0000 3695.0000 3656.0000 3692.0000 3670.0000 
189.8000 3859.0000 3741.0000 3788.0000 3727.0000 4065.0000 3667.0000 3866.0000 3763.0000 
190.0000 3776.0000 3616.0000 3650.0000 3542.0000 3467.0000 3496.0000 3632.0000 3555.0000 
190.2000 3742.0000 3744.0000 3677.0000 3766.0000 3821.0000 3739.0000 3992.0000 4014.0000 
190.4000 3615.0000 3630.0000 3571.0000 3383.0000 3439.0000 3487.0000 3655.0000 3650.0000 
190.6000 3763.0000 3872.0000 3789.0000 3625.0000 3833.0000 3824.0000 3946.0000 3792.0000 
190.8000 3769.0000 3673.0000 3535.0000 3598.0000 3748.0000 3658.0000 3736.0000 3577.0000 
191.0000 3833.0000 3865.0000 3891.0000 3906.0000 3918.0000 3769.0000 4106.0000 3943.0000 
191.2000 3737.0000 3780.0000 3431.0000 3536.0000 3756.0000 3713.0000 3743.0000 3676.0000 
191.4000 3934.0000 3733.0000 3768.0000 3848.0000 3869.0000 3615.0000 3880.0000 3904.0000 
191.6000 3646.0000 3735.0000 3656.0000 3491.0000 3636.0000 3489.0000 3909.0000 3600.0000 
191.8000 4020.0000 3853.0000 3724.0000 3601.0000 4026.0000 3872.0000 3888.0000 4008.0000 
192.0000 3699.0000 3541.0000 3583.0000 3510.0000 3615.0000 3476.0000 3648.0000 3526.0000 
192.2000 3797.0000 3746.0000 3774.0000 3684.0000 3889.0000 3672.0000 3921.0000 3921.0000 
192.4000 3665.0000 3617.0000 3414.0000 3659.0000 3615.0000 3612.0000 3807.0000 3637.0000 
192.6000 3704.0000 3695.0000 3768.0000 3797.0000 3682.0000 3694.0000 3925.0000 3794.0000 
192.8000 3731.0000 3749.0000 3491.0000 3643.0000 3621.0000 3721.0000 3688.0000 3620.0000 
193.0000 3756.0000 3694.0000 3705.0000 3728.0000 3848.0000 3816.0000 3921.0000 3837.0000 
193.2000 3712.0000 3571.0000 3439.0000 3507.0000 3588.0000 3612.0000 3741.0000 3847.0000 
193.4000 3804.0000 3962.0000 3715.0000 3683.0000 3935.0000 3833.0000 3967.0000 3704.0000 
193.6000 3831.0000 3603.0000 3439.0000 3647.0000 3625.0000 3603.0000 3685.0000 3698.0000 
193.8000 3976.0000 3723.0000 3688.0000 3669.0000 3786.0000 3848.0000 4080.0000 3812.0000 
194.0000 3745.0000 3547.0000 3564.0000 3490.0000 3527.0000 3623.0000 3701.0000 3559.0000 
194.2000 3823.0000 3940.0000 3879.0000 3758.0000 3947.0000 3951.0000 3927.0000 3924.0000 
194.4000 3622.0000 3537.0000 3555.0000 3449.0000 3807.0000 3683.0000 3521.0000 3732.0000 
194.6000 3734.0000 3711.0000 3739.0000 3726.0000 3849.0000 3906.0000 3958.0000 3950.0000 
194.8000 3692.0000 3741.0000 3457.0000 3428.0000 3587.0000 3558.0000 3692.0000 3675.0000 
195.0000 3894.0000 3884.0000 3780.0000 3680.0000 3946.0000 3881.0000 3952.0000 3823.0000 
195.2000 3689.0000 3497.0000 3658.0000 3611.0000 3747.0000 3675.0000 3654.0000 3588.0000 
195.4000 3800.0000 3811.0000 3781.0000 3811.0000 3856.0000 3925.0000 4035.0000 3816.0000 
195.6000 3749.0000 3481.0000 3449.0000 3582.0000 3606.0000 3517.0000 3768.0000 3588.0000 
195.8000 3745.0000 3871.0000 3785.0000 3749.0000 3871.0000 3652.0000 3940.0000 3782.0000 
196.0000 3778.0000 3575.0000 3583.0000 3492.0000 3697.0000 3608.0000 3758.0000 3677.0000 
196.2000 3959.0000 3882.0000 3796.0000 3722.0000 3868.0000 3744.0000 4009.0000 3786.0000 
196.4000 3669.0000 3694.0000 3451.0000 3426.0000 3516.0000 3592.0000 3687.0000 3606.0000 
196.6000 3871.0000 3742.0000 3719.0000 3668.0000 3891.0000 3792.0000 4029.0000 3896.0000 
196.8000 3676.0000 3685.0000 3436.0000 3540.0000 3642.0000 3608.0000 3717.0000 3687.0000 
197.0000 3857.0000 3883.0000 3813.0000 3660.0000 3778.0000 3742.0000 3882.0000 3914.0000 
197.2000 3710.0000 3666.0000 3482.0000 3566.0000 3668.0000 3549.0000 3960.0000 3700.0000 
197.4000 3994.0000 4094.0000 3763.0000 3972.0000 4039.0000 3837.0000 4054.0000 3899.0000 
197.6000 3714.0000 3643.0000 3590.0000 3625.0000 3495.0000 3700.0000 3782.0000 3698.0000 
197.8000 3828.0000 3765.0000 3759.0000 3813.0000 3841.0000 3800.0000 3791.0000 4056.0000 
198.0000 3877.0000 3642.0000 3468.0000 3470.0000 3624.0000 3634.0000 3719.0000 3710.0000 
198.2000 3858.0000 3775.0000 3826.0000 3792.0000 3972.0000 3939.0000 4064.0000 3771.0000 
198.4000 3767.0000 3567.0000 3499.0000 3563.0000 3493.0000 3703.0000 3576.0000 3629.0000 
198.6000 3865.0000 3790.0000 3785.0000 3773.0000 3922.0000 3873.0000 4104.0000 4005.0000 
198.8000 3617.0000 3702.0000 3366.0000 3488.0000 3498.0000 3651.0000 3762.0000 3539.0000 
199.0000 3919.0000 3696.0000 3836.0000 3862.0000 3824.0000 3717.0000 4025.0000 3946.0000 
199.2000 3461.0000 3643.0000 3545.0000 3642.0000 3569.0000 3547.0000 3675.0000 3728.0000 
199.4000 3931.0000 3823.0000 3660.0000 3708.0000 3921.0000 3786.0000 4002.0000 3954.0000 
199.6000 3789.0000 3496.0000 3560.0000 3622.0000 3640.0000 3643.0000 3709.0000 3714.0000 
199.8000 3777.0000 3882.0000 3894.0000 3933.0000 3766.0000 3786.0000 3876.0000 3798.0000 
200.0000 3670.0000 3609.0000 3615.0000 3530.0000 3725.0000 3601.0000 3733.0000 3677.0000 
200.2000 3840.0000 3902.0000 3784.0000 3700.0000 3790.0000 3743.0000 3889.0000 3884.0000 
200.4000 3839.0000 3515.0000 3710.0000 3571.0000 3595.0000 3676.0000 3712.0000 3543.0000 
200.6000 3915.0000 3821.0000 3747.0000 3810.0000 3763.0000 3685.0000 3972.0000 3892.0000 
200.8000 3893.0000 3640.0000 3735.0000 3536.0000 3728.0000 3656.0000 3715.0000 3617.0000 
201.0000 3763.0000 3921.0000 3743.0000 3761.0000 3845.0000 3793.0000 4065.0000 3906.0000 
201.2000 3842.0000 3569.0000 3653.0000 3607.0000 3560.0000 3609.0000 3775.0000 3676.0000 
201.4000 3821.0000 3877.0000 3699.0000 3765.0000 3794.0000 3842.0000 4019.0000 3740.0000 
201.6000 3760.0000 3626.0000 3436.0000 3483.0000 3599.0000 3626.0000 3654.0000 3660.0000 
201.8000 3956.0000 3644.0000 3635.0000 3855.0000 3756.0000 3759.0000 4029.0000 3760.0000 
202.0000 3793.0000 3740.0000 3582.0000 3567.0000 3605.0000 3515.0000 3727.0000 3573.0000 
202.2000 3891.0000 3877.0000 3684.0000 3703.0000 3808.0000 3740.0000 3918.0000 3832.0000 
202.4000 3673.0000 3560.0000 3657.0000 3472.0000 3568.0000 3505.0000 3850.0000 3606.0000 
202.6000 3845.0000 3903.0000 3701.0000 3824.0000 3919.0000 3666.0000 4051.0000 3807.0000 
202.8000 3751.0000 3633.0000 3552.0000 3474.0000 3649.0000 3513.0000 3697.0000 3583.0000 
203.0000 3779.0000 3718.0000 3717.0000 3760.0000 3935.0000 3807.0000 4000.0000 3873.0000 
203.2000 3688.0000 3678.0000 3479.0000 3459.0000 3654.0000 3587.0000 3717.0000 3519.0000 
203.4000 3764.0000 3793.0000 3556.0000 3652.0000 3697.0000 3873.0000 3837.0000 3762.0000 
203.6000 3515.0000 3631.0000 3410.0000 3565.0000 3617.0000 3356.0000 3615.0000 3443.0000 
203.8000 3774.0000 3670.0000 3702.0000 3688.0000 3675.0000 3736.0000 3854.0000 3761.0000 
204.0000 3568.0000 3302.0000 3395.0000 3345.0000 3380.0000 3448.0000 3561.0000 3550.0000 
204.2000 3544.0000 3764.0000 3494.0000 3520.0000 3656.0000 3644.0000 3692.0000 3588.0000 
204.4000 3379.0000 3394.0000 3352.0000 3289.0000 3461.0000 3433.0000 3588.0000 3319.0000 
204.6000 3709.0000 3633.0000 3628.0000 3767.0000 3711.0000 3606.0000 3724.0000 3717.0000 


