0.0000 2006.0000 1935.0000 1993.0000 1958.0000 2010.0000 2094.0000 2179.0000 2007.0000 0 us
0.2000 2300.0000 2264.0000 2292.0000 2147.0000 2347.0000 2322.0000 2493.0000 2420.0000 
0.4000 2337.0000 2359.0000 2250.0000 2177.0000 2325.0000 2316.0000 2639.0000 2362.0000 
0.6000 2299.0000 2335.0000 2263.0000 2154.0000 2420.0000 2208.0000 2491.0000 2366.0000 
0.8000 2343.0000 2327.0000 2082.0000 2307.0000 2429.0000 2234.0000 2434.0000 2140.0000 
1.0000 2282.0000 2388.0000 2275.0000 2058.0000 2217.0000 2151.0000 2485.0000 2330.0000 
1.2000 2332.0000 2247.0000 2254.0000 2227.0000 2369.0000 2229.0000 2350.0000 2464.0000 
1.4000 2625.0000 2470.0000 2261.0000 2338.0000 2277.0000 2205.0000 2469.0000 2290.0000 
1.6000 2468.0000 2240.0000 2282.0000 2344.0000 2363.0000 2291.0000 2464.0000 2429.0000 
1.8000 2444.0000 2527.0000 2174.0000 2158.0000 2449.0000 2345.0000 2354.0000 2330.0000 
2.0000 2418.0000 2124.0000 2202.0000 2097.0000 2356.0000 2275.0000 2447.0000 2497.0000 
2.2000 2353.0000 2329.0000 2387.0000 2210.0000 2388.0000 2394.0000 2296.0000 2387.0000 
2.4000 2580.0000 2340.0000 2271.0000 2413.0000 2353.0000 2244.0000 2300.0000 2320.0000 
2.6000 2447.0000 2309.0000 2137.0000 2256.0000 2460.0000 2185.0000 2430.0000 2165.0000 
2.8000 2365.0000 2403.0000 2267.0000 2340.0000 2479.0000 2419.0000 2572.0000 2590.0000 
3.0000 2459.0000 2341.0000 2243.0000 2260.0000 2266.0000 2218.0000 2395.0000 2383.0000 
3.2000 2571.0000 2432.0000 2033.0000 2305.0000 2423.0000 2089.0000 2529.0000 2393.0000 
3.4000 2351.0000 2343.0000 2165.0000 2323.0000 2330.0000 2395.0000 2401.0000 2516.0000 
3.6000 2465.0000 2334.0000 2216.0000 2112.0000 2355.0000 2232.0000 2491.0000 2442.0000 
3.8000 2468.0000 2419.0000 2216.0000 2350.0000 2407.0000 2358.0000 2443.0000 2307.0000 
4.0000 2321.0000 2312.0000 2222.0000 2316.0000 2441.0000 2300.0000 2481.0000 2388.0000 
4.2000 2314.0000 2380.0000 2412.0000 2384.0000 2365.0000 2231.0000 2350.0000 2462.0000 
4.4000 2316.0000 2317.0000 2259.0000 2225.0000 2297.0000 2258.0000 2370.0000 2387.0000 
4.6000 2413.0000 2457.0000 2141.0000 2332.0000 2378.0000 2173.0000 2340.0000 2221.0000 
4.8000 2242.0000 2257.0000 2180.0000 2268.0000 2400.0000 2355.0000 2299.0000 2367.0000 
5.0000 2353.0000 2341.0000 2158.0000 2263.0000 2250.0000 2297.0000 2309.0000 2352.0000 
5.2000 2410.0000 2465.0000 2320.0000 2144.0000 2349.0000 2311.0000 2543.0000 2450.0000 
5.4000 2391.0000 2207.0000 2273.0000 2190.0000 2326.0000 2332.0000 2390.0000 2319.0000 
5.6000 2311.0000 2409.0000 2256.0000 2215.0000 2400.0000 2340.0000 2343.0000 2341.0000 
5.8000 2401.0000 2198.0000 2250.0000 2150.0000 2318.0000 2351.0000 2219.0000 2289.0000 
6.0000 2388.0000 2284.0000 2276.0000 2296.0000 2483.0000 2255.0000 2506.0000 2339.0000 
6.2000 2375.0000 2423.0000 2199.0000 2200.0000 2304.0000 2396.0000 2381.0000 2282.0000 
6.4000 2356.0000 2409.0000 2294.0000 2244.0000 2333.0000 2201.0000 2383.0000 2394.0000 
6.6000 2341.0000 2492.0000 2330.0000 2266.0000 2273.0000 2327.0000 2518.0000 2247.0000 
6.8000 2393.0000 2297.0000 2343.0000 2235.0000 2310.0000 2449.0000 2524.0000 2356.0000 
7.0000 2404.0000 2255.0000 2252.0000 2227.0000 2151.0000 2140.0000 2494.0000 2346.0000 
7.2000 2366.0000 2257.0000 2244.0000 2198.0000 2138.0000 2317.0000 2397.0000 2436.0000 
7.4000 2306.0000 2277.0000 2185.0000 2234.0000 2262.0000 2279.0000 2520.0000 2397.0000 
7.6000 2296.0000 2205.0000 2199.0000 2273.0000 2271.0000 2167.0000 2369.0000 2370.0000 
7.8000 2259.0000 2444.0000 2176.0000 2248.0000 2365.0000 2067.0000 2583.0000 2343.0000 
8.0000 2366.0000 2291.0000 2293.0000 2397.0000 2374.0000 2273.0000 2531.0000 2372.0000 
8.2000 2434.0000 2409.0000 2183.0000 2288.0000 2385.0000 2415.0000 2550.0000 2382.0000 
8.4000 2379.0000 2343.0000 2142.0000 2235.0000 2434.0000 2370.0000 2389.0000 2433.0000 
8.6000 2348.0000 2266.0000 2227.0000 2264.0000 2337.0000 2311.0000 2345.0000 2378.0000 
8.8000 2418.0000 2301.0000 2352.0000 2187.0000 2399.0000 2350.0000 2542.0000 2269.0000 
9.0000 2310.0000 2309.0000 2260.0000 2238.0000 2165.0000 2181.0000 2395.0000 2358.0000 
9.2000 2298.0000 2237.0000 2149.0000 2303.0000 2471.0000 2374.0000 2400.0000 2467.0000 
9.4000 2442.0000 2262.0000 2224.0000 2256.0000 2339.0000 2383.0000 2350.0000 2438.0000 
9.6000 2287.0000 2306.0000 2140.0000 2321.0000 2285.0000 2135.0000 2254.0000 2334.0000 
9.8000 2243.0000 2298.0000 2172.0000 2253.0000 2304.0000 2277.0000 2433.0000 2380.0000 
10.0000 2304.0000 2464.0000 2312.0000 2349.0000 2234.0000 2259.0000 2409.0000 2325.0000 
10.2000 2495.0000 2175.0000 2365.0000 2385.0000 2539.0000 2245.0000 2372.0000 2458.0000 
10.4000 2307.0000 2381.0000 2220.0000 2108.0000 2402.0000 2262.0000 2445.0000 2529.0000 
10.6000 2511.0000 2368.0000 2107.0000 2220.0000 2514.0000 2190.0000 2488.0000 2431.0000 
10.8000 2400.0000 2308.0000 2167.0000 2233.0000 2413.0000 2279.0000 2420.0000 2373.0000 
11.0000 2398.0000 2257.0000 2230.0000 2247.0000 2269.0000 2384.0000 2563.0000 2392.0000 
11.2000 2287.0000 2222.0000 2272.0000 2166.0000 2237.0000 2277.0000 2276.0000 2323.0000 
11.4000 2364.0000 2381.0000 2320.0000 2252.0000 2120.0000 2281.0000 2484.0000 2288.0000 
11.6000 2459.0000 2350.0000 2417.0000 2279.0000 2322.0000 2377.0000 2408.0000 2191.0000 
11.8000 2511.0000 2232.0000 2161.0000 2201.0000 2277.0000 2205.0000 2369.0000 2216.0000 
12.0000 2276.0000 2231.0000 2248.0000 2253.0000 2301.0000 2272.0000 2405.0000 2500.0000 
12.2000 2342.0000 2374.0000 2260.0000 2287.0000 2342.0000 2291.0000 2320.0000 2366.0000 
12.4000 2318.0000 2225.0000 2133.0000 2183.0000 2424.0000 2434.0000 2464.0000 2331.0000 
12.6000 2563.0000 2403.0000 2229.0000 2281.0000 2252.0000 2224.0000 2393.0000 2534.0000 
12.8000 2480.0000 2330.0000 2318.0000 2151.0000 2330.0000 2353.0000 2351.0000 2392.0000 
13.0000 2187.0000 2412.0000 2244.0000 2103.0000 2442.0000 2103.0000 2381.0000 2445.0000 
13.2000 2451.0000 2456.0000 2316.0000 2280.0000 2276.0000 2279.0000 2369.0000 2422.0000 
13.4000 2369.0000 2477.0000 2179.0000 2307.0000 2302.0000 2313.0000 2465.0000 2343.0000 
13.6000 2481.0000 2211.0000 2262.0000 2247.0000 2356.0000 2248.0000 2338.0000 2313.0000 
13.8000 2542.0000 2273.0000 2180.0000 2147.0000 2311.0000 2253.0000 2342.0000 2240.0000 
14.0000 2403.0000 2468.0000 2311.0000 2153.0000 2361.0000 2351.0000 2558.0000 2482.0000 
14.2000 2569.0000 2400.0000 2300.0000 2318.0000 2377.0000 2451.0000 2336.0000 2461.0000 
14.4000 2347.0000 2456.0000 2211.0000 2268.0000 2274.0000 2218.0000 2347.0000 2251.0000 
14.6000 2438.0000 2314.0000 2196.0000 2096.0000 2340.0000 2210.0000 2500.0000 2392.0000 
14.8000 2389.0000 2262.0000 2157.0000 2298.0000 2379.0000 2367.0000 2475.0000 2379.0000 
15.0000 2375.0000 2285.0000 2154.0000 2139.0000 2275.0000 2322.0000 2558.0000 2298.0000 
15.2000 2262.0000 2259.0000 2095.0000 2230.0000 2288.0000 2349.0000 2434.0000 2454.0000 
15.4000 2544.0000 2306.0000 2153.0000 2197.0000 2320.0000 2248.0000 2521.0000 2336.0000 
15.6000 2338.0000 2348.0000 2175.0000 2291.0000 2237.0000 2222.0000 2458.0000 2337.0000 
15.8000 2402.0000 2298.0000 2282.0000 2290.0000 2153.0000 2175.0000 2464.0000 2412.0000 
16.0000 2402.0000 2360.0000 2248.0000 2182.0000 2289.0000 2434.0000 2426.0000 2426.0000 
16.2000 2424.0000 2218.0000 2334.0000 2102.0000 2428.0000 2428.0000 2415.0000 2150.0000 
16.4000 2350.0000 2341.0000 2331.0000 2256.0000 2382.0000 2232.0000 2357.0000 2369.0000 
16.6000 2233.0000 2325.0000 2195.0000 2251.0000 2465.0000 2441.0000 2362.0000 2255.0000 
16.8000 2371.0000 2337.0000 2221.0000 2232.0000 2496.0000 2369.0000 2395.0000 2427.0000 
17.0000 2292.0000 2433.0000 2278.0000 2180.0000 2287.0000 2128.0000 2435.0000 2303.0000 
17.2000 2430.0000 2458.0000 2200.0000 2213.0000 2204.0000 2405.0000 2453.0000 2331.0000 
17.4000 2343.0000 2209.0000 2244.0000 2360.0000 2300.0000 2241.0000 2352.0000 2409.0000 
17.6000 2353.0000 2277.0000 2207.0000 2307.0000 2300.0000 2232.0000 2495.0000 2357.0000 
17.8000 2531.0000 2213.0000 2245.0000 2247.0000 2293.0000 2268.0000 2407.0000 2297.0000 
18.0000 2367.0000 2444.0000 2089.0000 2349.0000 2349.0000 2265.0000 2506.0000 2410.0000 
18.2000 2329.0000 2382.0000 2306.0000 2178.0000 2489.0000 2315.0000 2480.0000 2387.0000 
18.4000 2481.0000 2398.0000 2124.0000 2263.0000 2296.0000 2371.0000 2538.0000 2439.0000 
18.6000 2438.0000 2194.0000 2239.0000 2238.0000 2476.0000 2251.0000 2522.0000 2224.0000 
18.8000 2472.0000 2265.0000 2092.0000 2248.0000 2344.0000 2272.0000 2430.0000 2339.0000 
19.0000 2366.0000 2279.0000 2180.0000 2137.0000 2308.0000 2318.0000 2431.0000 2420.0000 
19.2000 2377.0000 2299.0000 2309.0000 2185.0000 2463.0000 2297.0000 2471.0000 2438.0000 
19.4000 2240.0000 2304.0000 2169.0000 2147.0000 2305.0000 2212.0000 2447.0000 2432.0000 
19.6000 2365.0000 2281.0000 2257.0000 2237.0000 2334.0000 2350.0000 2549.0000 2376.0000 
19.8000 2415.0000 2395.0000 2179.0000 2228.0000 2513.0000 2318.0000 2436.0000 2419.0000 
20.0000 2430.0000 2284.0000 2202.0000 2217.0000 2429.0000 2193.0000 2472.0000 2520.0000 
20.2000 2445.0000 2275.0000 2299.0000 2247.0000 2280.0000 2184.0000 2473.0000 2349.0000 
20.4000 2403.0000 2339.0000 2288.0000 2167.0000 2343.0000 2416.0000 2410.0000 2380.0000 
20.6000 2370.0000 2341.0000 2265.0000 2152.0000 2432.0000 2214.0000 2448.0000 2452.0000 
20.8000 2393.0000 2394.0000 2329.0000 2316.0000 2378.0000 2233.0000 2541.0000 2300.0000 
21.0000 2419.0000 2429.0000 2169.0000 2278.0000 2263.0000 2161.0000 2345.0000 2492.0000 
21.2000 2430.0000 2263.0000 2318.0000 2281.0000 2260.0000 2391.0000 2575.0000 2513.0000 
21.4000 2494.0000 2266.0000 2389.0000 2270.0000 2362.0000 2219.0000 2416.0000 2214.0000 
21.6000 2376.0000 2241.0000 2202.0000 2231.0000 2396.0000 2245.0000 2423.0000 2277.0000 
21.8000 2409.0000 2317.0000 2154.0000 2285.0000 2498.0000 2306.0000 2449.0000 2150.0000 
22.0000 2342.0000 2325.0000 2188.0000 2151.0000 2219.0000 2271.0000 2350.0000 2372.0000 
22.2000 2482.0000 2355.0000 2205.0000 2247.0000 2250.0000 2291.0000 2546.0000 2353.0000 
22.4000 2396.0000 2265.0000 2234.0000 2290.0000 2471.0000 2412.0000 2463.0000 2356.0000 
22.6000 2214.0000 2258.0000 2220.0000 2209.0000 2268.0000 2304.0000 2392.0000 2254.0000 
22.8000 2471.0000 2336.0000 2317.0000 2076.0000 2288.0000 2372.0000 2481.0000 2298.0000 
23.0000 2289.0000 2364.0000 2186.0000 2151.0000 2281.0000 2282.0000 2299.0000 2199.0000 
23.2000 2330.0000 2291.0000 2195.0000 2231.0000 2413.0000 2146.0000 2344.0000 2409.0000 
23.4000 2394.0000 2264.0000 2237.0000 2179.0000 2363.0000 2297.0000 2350.0000 2327.0000 
23.6000 2481.0000 2195.0000 2385.0000 2253.0000 2276.0000 2352.0000 2427.0000 2362.0000 
23.8000 2406.0000 2385.0000 2174.0000 2316.0000 2282.0000 2221.0000 2471.0000 2231.0000 
24.0000 2388.0000 2353.0000 2273.0000 2299.0000 2433.0000 2267.0000 2426.0000 2201.0000 
24.2000 2444.0000 2345.0000 2349.0000 2327.0000 2345.0000 2252.0000 2474.0000 2130.0000 
24.4000 2408.0000 2374.0000 2271.0000 2208.0000 2401.0000 2328.0000 2561.0000 2306.0000 
24.6000 2468.0000 2373.0000 2238.0000 2221.0000 2264.0000 2250.0000 2416.0000 2267.0000 
24.8000 2452.0000 2382.0000 2127.0000 2458.0000 2170.0000 2299.0000 2494.0000 2264.0000 
25.0000 2497.0000 2361.0000 2309.0000 2177.0000 2288.0000 2249.0000 2361.0000 2308.0000 
25.2000 2430.0000 2323.0000 2191.0000 2404.0000 2290.0000 2512.0000 2462.0000 2330.0000 
25.4000 2367.0000 2343.0000 2173.0000 2144.0000 2268.0000 2221.0000 2493.0000 2369.0000 
25.6000 2197.0000 2320.0000 2270.0000 2173.0000 2172.0000 2275.0000 2295.0000 2357.0000 
25.8000 2495.0000 2420.0000 2276.0000 2257.0000 2207.0000 2237.0000 2333.0000 2310.0000 
26.0000 2217.0000 2202.0000 2200.0000 2107.0000 2390.0000 2257.0000 2499.0000 2534.0000 
26.2000 2472.0000 2342.0000 2269.0000 2203.0000 2387.0000 2267.0000 2508.0000 2487.0000 
26.4000 2365.0000 2370.0000 2195.0000 2206.0000 2266.0000 2301.0000 2317.0000 2311.0000 
26.6000 2289.0000 2412.0000 2219.0000 2206.0000 2334.0000 2311.0000 2426.0000 2310.0000 
26.8000 2319.0000 2412.0000 2103.0000 2212.0000 2318.0000 2261.0000 2478.0000 2362.0000 
27.0000 2382.0000 2290.0000 2128.0000 2186.0000 2248.0000 2194.0000 2494.0000 2404.0000 
27.2000 2363.0000 2398.0000 2182.0000 2277.0000 2305.0000 2345.0000 2435.0000 2446.0000 
27.4000 2414.0000 2448.0000 2355.0000 2232.0000 2316.0000 2402.0000 2507.0000 2316.0000 
27.6000 2468.0000 2431.0000 2111.0000 2116.0000 2344.0000 2465.0000 2496.0000 2447.0000 
27.8000 2389.0000 2454.0000 2192.0000 2284.0000 2248.0000 2335.0000 2417.0000 2366.0000 
28.0000 2352.0000 2300.0000 2265.0000 2255.0000 2263.0000 2268.0000 2536.0000 2322.0000 
28.2000 2428.0000 2443.0000 2109.0000 2142.0000 2244.0000 2118.0000 2498.0000 2375.0000 
28.4000 2522.0000 2412.0000 2257.0000 2288.0000 2434.0000 2239.0000 2499.0000 2425.0000 
28.6000 2340.0000 2363.0000 2131.0000 2230.0000 2384.0000 2235.0000 2377.0000 2187.0000 
28.8000 2344.0000 2381.0000 2187.0000 2147.0000 2300.0000 2266.0000 2453.0000 2263.0000 
29.0000 2370.0000 2317.0000 2210.0000 2211.0000 2215.0000 2181.0000 2383.0000 2379.0000 
29.2000 2543.0000 2411.0000 2270.0000 2167.0000 2294.0000 2209.0000 2473.0000 2409.0000 
29.4000 2516.0000 2389.0000 2139.0000 2242.0000 2358.0000 2338.0000 2360.0000 2115.0000 
29.6000 2393.0000 2257.0000 2155.0000 2257.0000 2370.0000 2293.0000 2391.0000 2367.0000 
29.8000 2322.0000 2492.0000 2179.0000 2337.0000 2359.0000 2250.0000 2349.0000 2462.0000 
30.0000 2409.0000 2427.0000 2222.0000 2210.0000 2275.0000 2256.0000 2444.0000 2337.0000 
30.2000 2364.0000 2319.0000 2175.0000 2224.0000 2393.0000 2285.0000 2418.0000 2342.0000 
30.4000 2341.0000 2180.0000 2272.0000 2461.0000 2423.0000 2370.0000 2265.0000 2331.0000 
30.6000 2199.0000 2218.0000 2122.0000 2256.0000 2276.0000 2283.0000 2427.0000 2314.0000 
30.8000 2296.0000 2267.0000 2276.0000 2228.0000 2194.0000 2303.0000 2362.0000 2260.0000 
31.0000 2401.0000 2316.0000 2178.0000 2154.0000 2217.0000 2312.0000 2401.0000 2419.0000 
31.2000 2568.0000 2281.0000 2248.0000 2103.0000 2277.0000 2317.0000 2463.0000 2332.0000 
31.4000 2499.0000 2158.0000 2316.0000 2282.0000 2182.0000 2192.0000 2353.0000 2326.0000 
31.6000 2574.0000 2196.0000 2235.0000 2165.0000 2420.0000 2299.0000 2443.0000 2261.0000 
31.8000 2337.0000 2250.0000 2309.0000 2329.0000 2368.0000 2212.0000 2515.0000 2312.0000 
32.0000 2286.0000 2417.0000 2376.0000 2330.0000 2246.0000 2253.0000 2461.0000 2400.0000 
32.2000 2447.0000 2382.0000 2179.0000 2238.0000 2278.0000 2087.0000 2445.0000 2297.0000 
32.4000 2409.0000 2338.0000 2293.0000 2216.0000 2215.0000 2246.0000 2432.0000 2329.0000 
32.6000 2534.0000 2359.0000 2300.0000 2174.0000 2310.0000 2183.0000 2367.0000 2265.0000 
32.8000 2316.0000 2315.0000 2233.0000 2061.0000 2230.0000 2226.0000 2476.0000 2379.0000 
33.0000 2262.0000 2222.0000 2199.0000 2134.0000 2462.0000 2290.0000 2318.0000 2415.0000 
33.2000 2423.0000 2457.0000 2257.0000 2237.0000 2371.0000 2320.0000 2418.0000 2419.0000 
33.4000 2432.0000 2284.0000 2111.0000 2194.0000 2127.0000 2289.0000 2356.0000 2331.0000 
33.6000 2276.0000 2420.0000 2157.0000 2331.0000 2408.0000 2225.0000 2568.0000 2347.0000 
33.8000 2299.0000 2411.0000 2299.0000 2213.0000 2368.0000 2285.0000 2367.0000 2380.0000 
34.0000 2411.0000 2349.0000 2230.0000 2318.0000 2351.0000 2201.0000 2457.0000 2171.0000 
34.2000 2319.0000 2227.0000 2377.0000 2201.0000 2358.0000 2317.0000 2303.0000 2169.0000 
34.4000 2323.0000 2338.0000 2291.0000 2143.0000 2319.0000 2204.0000 2536.0000 2464.0000 
34.6000 2375.0000 2329.0000 2193.0000 2360.0000 2253.0000 2315.0000 2554.0000 2398.0000 
34.8000 2378.0000 2439.0000 2170.0000 2248.0000 2372.0000 2370.0000 2454.0000 2314.0000 
35.0000 2420.0000 2439.0000 2116.0000 2165.0000 2359.0000 2179.0000 2328.0000 2396.0000 
35.2000 2463.0000 2306.0000 2262.0000 2342.0000 2258.0000 2141.0000 2450.0000 2408.0000 
35.4000 2331.0000 2353.0000 2133.0000 2239.0000 2198.0000 2238.0000 2461.0000 2341.0000 
35.6000 2302.0000 2480.0000 2267.0000 2174.0000 2274.0000 2251.0000 2441.0000 2393.0000 
35.8000 2479.0000 2343.0000 2147.0000 2166.0000 2478.0000 2397.0000 2379.0000 2293.0000 
36.0000 2298.0000 2317.0000 2225.0000 2211.0000 2365.0000 2206.0000 2412.0000 2305.0000 
36.2000 2272.0000 2436.0000 2284.0000 2261.0000 2356.0000 2293.0000 2552.0000 2302.0000 
36.4000 2424.0000 2358.0000 2256.0000 2195.0000 2358.0000 2223.0000 2449.0000 2571.0000 
36.6000 2595.0000 2275.0000 2140.0000 2221.0000 2354.0000 2242.0000 2599.0000 2327.0000 
36.8000 2483.0000 2119.0000 2299.0000 2249.0000 2355.0000 2292.0000 2549.0000 2341.0000 
37.0000 2647.0000 2269.0000 2341.0000 2320.0000 2317.0000 2198.0000 2411.0000 2190.0000 
37.2000 2422.0000 2344.0000 2241.0000 2317.0000 2208.0000 2207.0000 2439.0000 2284.0000 
37.4000 2375.0000 2349.0000 2353.0000 2356.0000 2377.0000 2301.0000 2389.0000 2307.0000 
37.6000 2423.0000 2398.0000 2254.0000 2153.0000 2365.0000 2288.0000 2238.0000 2446.0000 
37.8000 2375.0000 2239.0000 2238.0000 2167.0000 2217.0000 2264.0000 2399.0000 2255.0000 
38.0000 2468.0000 2397.0000 2412.0000 2158.0000 2260.0000 2317.0000 2251.0000 2312.0000 
38.2000 2393.0000 2424.0000 2270.0000 2265.0000 2212.0000 2388.0000 2464.0000 2316.0000 
38.4000 2434.0000 2240.0000 2153.0000 2458.0000 2301.0000 2315.0000 2476.0000 2401.0000 
38.6000 2482.0000 2413.0000 2399.0000 2137.0000 2146.0000 2181.0000 2307.0000 2132.0000 
38.8000 2399.0000 2338.0000 2260.0000 2241.0000 2276.0000 2342.0000 2435.0000 2315.0000 
39.0000 2399.0000 2378.0000 2246.0000 2208.0000 2345.0000 2141.0000 2314.0000 2352.0000 
39.2000 2276.0000 2343.0000 2213.0000 2151.0000 2265.0000 2370.0000 2547.0000 2444.0000 
39.4000 2422.0000 2405.0000 2281.0000 2179.0000 2214.0000 2349.0000 2361.0000 2244.0000 
39.6000 2395.0000 2448.0000 2235.0000 2183.0000 2286.0000 2335.0000 2524.0000 2446.0000 
39.8000 2481.0000 2318.0000 2184.0000 2249.0000 2321.0000 2483.0000 2365.0000 2338.0000 
40.0000 2592.0000 2372.0000 2155.0000 2084.0000 2393.0000 2354.0000 2505.0000 2483.0000 
40.2000 2401.0000 2371.0000 2357.0000 2230.0000 2379.0000 2369.0000 2417.0000 2240.0000 
40.4000 2337.0000 2393.0000 2265.0000 2197.0000 2361.0000 2411.0000 2362.0000 2292.0000 
40.6000 2421.0000 2365.0000 2210.0000 2236.0000 2434.0000 2308.0000 2549.0000 2319.0000 
40.8000 2381.0000 2270.0000 2325.0000 2256.0000 2455.0000 2199.0000 2419.0000 2289.0000 
41.0000 2320.0000 2436.0000 2236.0000 2045.0000 2248.0000 2281.0000 2446.0000 2248.0000 
41.2000 2374.0000 2350.0000 2297.0000 2256.0000 2370.0000 2294.0000 2278.0000 2552.0000 
41.4000 2528.0000 2414.0000 2262.0000 2213.0000 2374.0000 2356.0000 2442.0000 2346.0000 
41.6000 2424.0000 2359.0000 2317.0000 2131.0000 2344.0000 2340.0000 2439.0000 2311.0000 
41.8000 2363.0000 2440.0000 2356.0000 2215.0000 2326.0000 2289.0000 2233.0000 2490.0000 
42.0000 2405.0000 2312.0000 2124.0000 2300.0000 2313.0000 2375.0000 2286.0000 2279.0000 
42.2000 2413.0000 2448.0000 2354.0000 2229.0000 2168.0000 2246.0000 2385.0000 2266.0000 
42.4000 2319.0000 2244.0000 2266.0000 2274.0000 2433.0000 2247.0000 2539.0000 2313.0000 
42.6000 2463.0000 2346.0000 2136.0000 2379.0000 2362.0000 2314.0000 2320.0000 2216.0000 
42.8000 2362.0000 2330.0000 2329.0000 2270.0000 2211.0000 2419.0000 2375.0000 2266.0000 
43.0000 2404.0000 2358.0000 2228.0000 2264.0000 2390.0000 2248.0000 2292.0000 2384.0000 
43.2000 2257.0000 2326.0000 2160.0000 2330.0000 2389.0000 2238.0000 2427.0000 2474.0000 
43.4000 2259.0000 2394.0000 2237.0000 2368.0000 2348.0000 2349.0000 2364.0000 2168.0000 
43.6000 2332.0000 2322.0000 2271.0000 2213.0000 2439.0000 2226.0000 2443.0000 2357.0000 
43.8000 2326.0000 2394.0000 2064.0000 2229.0000 2407.0000 2112.0000 2272.0000 2248.0000 
44.0000 2278.0000 2272.0000 2197.0000 2199.0000 2266.0000 2220.0000 2471.0000 2310.0000 
44.2000 2296.0000 2332.0000 2148.0000 2188.0000 2182.0000 2218.0000 2327.0000 2259.0000 
44.4000 2311.0000 2343.0000 2230.0000 2255.0000 2456.0000 2074.0000 2324.0000 2329.0000 
44.6000 2343.0000 2200.0000 2227.0000 2201.0000 2246.0000 2318.0000 2414.0000 2401.0000 
44.8000 2284.0000 2417.0000 2198.0000 2245.0000 2382.0000 2396.0000 2402.0000 2205.0000 
45.0000 2317.0000 2356.0000 2144.0000 2231.0000 2323.0000 2288.0000 2421.0000 2423.0000 
45.2000 2510.0000 2248.0000 2256.0000 2177.0000 2556.0000 2227.0000 2489.0000 2446.0000 
45.4000 2336.0000 2328.0000 2123.0000 2138.0000 2191.0000 2394.0000 2233.0000 2400.0000 
45.6000 2558.0000 2289.0000 2255.0000 2209.0000 2418.0000 2264.0000 2484.0000 2319.0000 
45.8000 2524.0000 2352.0000 2081.0000 2405.0000 2304.0000 2420.0000 2389.0000 2196.0000 
46.0000 2332.0000 2340.0000 2326.0000 2012.0000 2222.0000 2298.0000 2334.0000 2315.0000 
46.2000 2360.0000 2456.0000 2191.0000 2403.0000 2314.0000 2357.0000 2385.0000 2230.0000 
46.4000 2474.0000 2384.0000 2341.0000 2176.0000 2255.0000 2364.0000 2327.0000 2511.0000 
46.6000 2389.0000 2420.0000 2305.0000 2352.0000 2374.0000 2267.0000 2288.0000 2277.0000 
46.8000 2367.0000 2202.0000 2137.0000 2130.0000 2391.0000 2214.0000 2534.0000 2295.0000 
47.0000 2463.0000 2459.0000 2239.0000 2228.0000 2449.0000 2299.0000 2525.0000 2454.0000 
47.2000 2348.0000 2391.0000 2203.0000 2308.0000 2205.0000 2307.0000 2456.0000 2345.0000 
47.4000 2266.0000 2349.0000 2239.0000 2281.0000 2374.0000 2255.0000 2333.0000 2331.0000 
47.6000 2346.0000 2460.0000 2219.0000 2159.0000 2421.0000 2403.0000 2390.0000 2382.0000 
47.8000 2340.0000 2119.0000 2218.0000 2377.0000 2405.0000 2192.0000 2445.0000 2241.0000 
48.0000 2383.0000 2398.0000 2275.0000 2182.0000 2288.0000 2335.0000 2524.0000 2217.0000 
48.2000 2306.0000 2386.0000 2317.0000 2079.0000 2130.0000 2197.0000 2392.0000 2342.0000 
48.4000 2475.0000 2172.0000 2278.0000 2178.0000 2351.0000 2281.0000 2519.0000 2304.0000 
48.6000 2346.0000 2436.0000 2135.0000 2333.0000 2321.0000 2266.0000 2390.0000 2342.0000 
48.8000 2585.0000 2401.0000 2225.0000 2291.0000 2418.0000 2234.0000 2540.0000 2381.0000 
49.0000 2290.0000 2315.0000 2252.0000 2225.0000 2370.0000 2177.0000 2350.0000 2319.0000 
49.2000 2352.0000 2430.0000 2203.0000 2196.0000 2319.0000 2177.0000 2275.0000 2346.0000 
49.4000 2332.0000 2370.0000 2311.0000 2307.0000 2266.0000 2192.0000 2304.0000 2311.0000 
49.6000 2551.0000 2328.0000 2142.0000 2319.0000 2371.0000 2474.0000 2501.0000 2386.0000 
49.8000 2385.0000 2399.0000 2195.0000 2180.0000 2210.0000 2399.0000 2482.0000 2219.0000 
50.0000 2295.0000 2256.0000 2208.0000 2195.0000 2428.0000 2226.0000 2411.0000 2469.0000 
50.2000 2442.0000 2270.0000 2199.0000 2253.0000 2376.0000 2235.0000 2409.0000 2403.0000 
50.4000 2388.0000 2303.0000 2456.0000 2298.0000 2275.0000 2392.0000 2458.0000 2411.0000 
50.6000 2413.0000 2342.0000 2065.0000 2148.0000 2155.0000 2309.0000 2558.0000 2236.0000 
50.8000 2385.0000 2433.0000 2274.0000 2250.0000 2406.0000 2249.0000 2383.0000 2275.0000 
51.0000 2335.0000 2364.0000 2317.0000 2230.0000 2203.0000 2391.0000 2422.0000 2398.0000 
51.2000 2415.0000 2332.0000 2297.0000 2186.0000 2352.0000 2318.0000 2444.0000 2252.0000 
51.4000 2483.0000 2391.0000 2328.0000 2303.0000 2400.0000 2144.0000 2430.0000 2271.0000 
51.6000 2451.0000 2387.0000 2217.0000 2263.0000 2258.0000 2283.0000 2343.0000 2257.0000 
51.8000 2498.0000 2379.0000 2105.0000 2209.0000 2401.0000 2279.0000 2416.0000 2339.0000 
52.0000 2371.0000 2315.0000 2261.0000 2270.0000 2347.0000 2211.0000 2354.0000 2370.0000 
52.2000 2267.0000 2411.0000 2233.0000 2223.0000 2242.0000 2257.0000 2307.0000 2314.0000 
52.4000 2347.0000 2208.0000 2334.0000 2280.0000 2321.0000 2329.0000 2469.0000 2267.0000 
52.6000 2445.0000 2303.0000 2174.0000 2370.0000 2500.0000 2182.0000 2541.0000 2211.0000 
52.8000 2442.0000 2519.0000 2291.0000 2389.0000 2360.0000 2320.0000 2512.0000 2366.0000 
53.0000 2411.0000 2409.0000 2168.0000 2269.0000 2370.0000 2324.0000 2363.0000 2203.0000 
53.2000 2438.0000 2424.0000 2376.0000 2255.0000 2440.0000 2205.0000 2420.0000 2336.0000 
53.4000 2419.0000 2436.0000 2350.0000 2178.0000 2427.0000 2347.0000 2435.0000 2343.0000 
53.6000 2318.0000 2316.0000 2232.0000 2178.0000 2287.0000 2132.0000 2524.0000 2304.0000 
53.8000 2385.0000 2301.0000 2341.0000 2402.0000 2326.0000 2174.0000 2310.0000 2238.0000 
54.0000 2254.0000 2182.0000 2277.0000 2344.0000 2389.0000 2186.0000 2308.0000 2433.0000 
54.2000 2446.0000 2195.0000 2168.0000 2236.0000 2241.0000 2071.0000 2390.0000 2411.0000 
54.4000 2278.0000 2290.0000 2144.0000 2238.0000 2346.0000 2312.0000 2440.0000 2391.0000 
54.6000 2480.0000 2307.0000 2427.0000 2293.0000 2293.0000 2255.0000 2495.0000 2326.0000 
54.8000 2445.0000 2303.0000 2275.0000 2325.0000 2246.0000 2324.0000 2521.0000 2306.0000 
55.0000 2247.0000 2448.0000 2166.0000 2251.0000 2322.0000 2397.0000 2499.0000 2347.0000 
55.2000 2331.0000 2316.0000 2177.0000 2163.0000 2267.0000 2232.0000 2423.0000 2356.0000 
55.4000 2361.0000 2511.0000 2419.0000 2187.0000 2303.0000 2220.0000 2299.0000 2344.0000 
55.6000 2195.0000 2233.0000 2121.0000 2226.0000 2442.0000 2277.0000 2329.0000 2357.0000 
55.8000 2406.0000 2297.0000 2278.0000 2312.0000 2231.0000 2215.0000 2483.0000 2393.0000 
56.0000 2307.0000 2263.0000 2269.0000 2220.0000 2328.0000 2197.0000 2372.0000 2399.0000 
56.2000 2355.0000 2193.0000 2016.0000 2305.0000 2221.0000 2211.0000 2358.0000 2266.0000 
56.4000 2479.0000 2320.0000 2322.0000 2247.0000 2175.0000 2255.0000 2288.0000 2315.0000 
56.6000 2353.0000 2280.0000 2123.0000 2266.0000 2347.0000 2297.0000 2218.0000 2369.0000 
56.8000 2307.0000 2244.0000 2178.0000 2208.0000 2395.0000 2311.0000 2326.0000 2416.0000 
57.0000 2337.0000 2282.0000 2179.0000 2155.0000 2352.0000 2324.0000 2279.0000 2500.0000 
57.2000 2483.0000 2407.0000 2217.0000 2257.0000 2323.0000 2251.0000 2341.0000 2335.0000 
57.4000 2410.0000 2381.0000 2208.0000 2158.0000 2267.0000 2267.0000 2405.0000 2430.0000 
57.6000 2335.0000 2149.0000 2107.0000 2022.0000 2360.0000 2328.0000 2371.0000 2264.0000 
57.8000 2395.0000 2250.0000 2114.0000 2240.0000 2152.0000 2285.0000 2417.0000 2243.0000 
58.0000 2415.0000 2253.0000 2058.0000 2026.0000 2160.0000 2329.0000 2396.0000 2421.0000 
58.2000 2358.0000 2266.0000 2236.0000 2162.0000 2275.0000 2368.0000 2384.0000 2288.0000 
58.4000 2431.0000 2189.0000 2180.0000 2233.0000 2326.0000 2352.0000 2427.0000 2183.0000 
58.6000 2360.0000 2220.0000 2020.0000 2348.0000 2364.0000 2236.0000 2505.0000 2340.0000 
58.8000 2463.0000 2384.0000 2284.0000 2323.0000 2333.0000 2170.0000 2501.0000 2435.0000 
59.0000 2329.0000 2237.0000 2294.0000 2253.0000 2412.0000 2289.0000 2488.0000 2182.0000 
59.2000 2425.0000 2438.0000 2131.0000 2206.0000 2417.0000 2204.0000 2354.0000 2439.0000 
59.4000 2281.0000 2485.0000 2208.0000 2111.0000 2363.0000 2279.0000 2383.0000 2464.0000 
59.6000 2279.0000 2367.0000 2252.0000 2261.0000 2184.0000 2266.0000 2475.0000 2459.0000 
59.8000 2190.0000 2351.0000 2402.0000 2190.0000 2319.0000 2300.0000 2517.0000 2294.0000 
60.0000 2384.0000 2329.0000 2214.0000 2279.0000 2398.0000 2269.0000 2351.0000 2309.0000 
60.2000 2392.0000 2364.0000 2155.0000 2217.0000 2340.0000 2172.0000 2179.0000 2246.0000 
60.4000 2367.0000 2297.0000 2252.0000 2225.0000 2432.0000 2348.0000 2400.0000 2322.0000 
60.6000 2300.0000 2407.0000 2247.0000 2181.0000 2180.0000 2289.0000 2464.0000 2420.0000 
60.8000 2177.0000 2322.0000 2284.0000 2197.0000 2443.0000 2366.0000 2436.0000 2233.0000 
61.0000 2492.0000 2380.0000 2327.0000 2220.0000 2349.0000 2360.0000 2596.0000 2205.0000 
61.2000 2369.0000 2370.0000 2261.0000 2210.0000 2346.0000 2343.0000 2531.0000 2419.0000 
61.4000 2364.0000 2200.0000 2212.0000 2167.0000 2334.0000 2228.0000 2487.0000 2357.0000 
61.6000 2213.0000 2367.0000 2190.0000 2277.0000 2210.0000 2330.0000 2404.0000 2129.0000 
61.8000 2316.0000 2436.0000 2224.0000 2158.0000 2270.0000 2179.0000 2278.0000 2398.0000 
62.0000 2298.0000 2360.0000 2214.0000 2304.0000 2188.0000 2256.0000 2545.0000 2344.0000 
62.2000 2518.0000 2261.0000 2375.0000 2286.0000 2270.0000 2332.0000 2374.0000 2192.0000 
62.4000 2371.0000 2324.0000 2167.0000 2193.0000 2334.0000 2289.0000 2321.0000 2396.0000 
62.6000 2385.0000 2244.0000 2161.0000 2192.0000 2296.0000 2182.0000 2413.0000 2248.0000 
62.8000 2422.0000 2126.0000 2084.0000 2224.0000 2391.0000 2416.0000 2388.0000 2361.0000 
63.0000 2401.0000 2344.0000 2220.0000 2209.0000 2310.0000 2363.0000 2481.0000 2265.0000 
63.2000 2461.0000 2320.0000 2163.0000 2240.0000 2354.0000 2305.0000 2538.0000 2374.0000 
63.4000 2363.0000 2466.0000 2269.0000 2354.0000 2251.0000 2113.0000 2374.0000 2304.0000 
63.6000 2320.0000 2303.0000 2335.0000 2297.0000 2236.0000 2309.0000 2361.0000 2287.0000 
63.8000 2354.0000 2181.0000 2372.0000 2244.0000 2265.0000 2214.0000 2305.0000 2303.0000 
64.0000 2286.0000 2287.0000 2130.0000 2205.0000 2235.0000 2350.0000 2463.0000 2425.0000 
64.2000 2335.0000 2292.0000 2211.0000 2207.0000 2261.0000 2198.0000 2443.0000 2274.0000 
64.4000 2404.0000 2398.0000 2237.0000 2243.0000 2400.0000 2336.0000 2454.0000 2172.0000 
64.6000 2317.0000 2372.0000 2173.0000 2245.0000 2203.0000 2303.0000 2446.0000 2339.0000 
64.8000 2372.0000 2336.0000 2214.0000 2278.0000 2180.0000 2199.0000 2553.0000 2386.0000 
65.0000 2507.0000 2367.0000 2313.0000 2145.0000 2192.0000 2385.0000 2427.0000 2374.0000 
65.2000 2352.0000 2366.0000 2096.0000 2343.0000 2408.0000 2252.0000 2386.0000 2315.0000 
65.4000 2385.0000 2415.0000 2229.0000 2178.0000 2208.0000 2312.0000 2534.0000 2297.0000 
65.6000 2273.0000 2255.0000 2193.0000 2205.0000 2494.0000 2195.0000 2391.0000 2290.0000 
65.8000 2328.0000 2326.0000 2247.0000 2095.0000 2407.0000 2158.0000 2440.0000 2325.0000 
66.0000 2296.0000 2350.0000 2172.0000 2274.0000 2345.0000 2249.0000 2456.0000 2343.0000 
66.2000 2423.0000 2476.0000 2329.0000 2205.0000 2348.0000 2351.0000 2513.0000 2509.0000 
66.4000 2293.0000 2257.0000 2262.0000 2283.0000 2417.0000 2182.0000 2350.0000 2359.0000 
66.6000 2419.0000 2356.0000 2138.0000 2121.0000 2284.0000 2281.0000 2450.0000 2208.0000 
66.8000 2433.0000 2280.0000 2337.0000 2270.0000 2375.0000 2239.0000 2429.0000 2377.0000 
67.0000 2335.0000 2400.0000 2237.0000 2304.0000 2277.0000 2406.0000 2396.0000 2333.0000 
67.2000 2340.0000 2443.0000 2178.0000 2260.0000 2352.0000 2301.0000 2349.0000 2353.0000 
67.4000 2390.0000 2327.0000 2192.0000 2238.0000 2231.0000 2369.0000 2182.0000 2329.0000 
67.6000 2451.0000 2307.0000 2125.0000 2399.0000 2333.0000 2364.0000 2472.0000 2424.0000 
67.8000 2389.0000 2315.0000 2129.0000 2180.0000 2322.0000 2122.0000 2277.0000 2255.0000 
68.0000 2300.0000 2250.0000 2197.0000 2242.0000 2278.0000 2102.0000 2454.0000 2222.0000 
68.2000 2386.0000 2320.0000 2368.0000 2319.0000 2317.0000 2141.0000 2426.0000 2213.0000 
68.4000 2428.0000 2350.0000 2255.0000 2160.0000 2268.0000 2380.0000 2559.0000 2323.0000 
68.6000 2259.0000 2303.0000 2041.0000 2330.0000 2239.0000 2226.0000 2462.0000 2395.0000 
68.8000 2576.0000 2236.0000 2282.0000 2275.0000 2418.0000 2323.0000 2217.0000 2259.0000 
69.0000 2251.0000 2351.0000 2251.0000 2319.0000 2280.0000 2354.0000 2413.0000 2290.0000 
69.2000 2244.0000 2244.0000 2208.0000 2145.0000 2166.0000 2395.0000 2437.0000 2412.0000 
69.4000 2250.0000 2238.0000 2128.0000 2246.0000 2281.0000 2190.0000 2464.0000 2169.0000 
69.6000 2236.0000 2343.0000 2250.0000 2164.0000 2221.0000 2179.0000 2314.0000 2295.0000 
69.8000 2293.0000 2237.0000 2136.0000 2122.0000 2180.0000 2207.0000 2349.0000 2454.0000 
70.0000 2514.0000 2329.0000 2153.0000 2091.0000 2448.0000 2292.0000 2341.0000 2164.0000 
70.2000 2346.0000 2193.0000 2278.0000 2255.0000 2165.0000 2219.0000 2342.0000 2411.0000 
70.4000 2414.0000 2278.0000 2304.0000 2214.0000 2474.0000 2359.0000 2575.0000 2270.0000 
70.6000 2451.0000 2325.0000 2115.0000 2158.0000 2053.0000 2073.0000 2415.0000 2159.0000 
70.8000 2390.0000 2275.0000 2388.0000 2252.0000 2191.0000 2226.0000 2408.0000 2458.0000 
71.0000 2349.0000 2226.0000 2235.0000 2100.0000 2187.0000 2211.0000 2340.0000 2271.0000 
71.2000 2368.0000 2242.0000 2241.0000 2362.0000 2270.0000 2320.0000 2385.0000 2340.0000 
71.4000 2287.0000 2291.0000 2153.0000 2175.0000 2306.0000 2258.0000 2329.0000 2230.0000 
71.6000 2392.0000 2395.0000 2187.0000 2294.0000 2271.0000 2324.0000 2521.0000 2390.0000 
71.8000 2427.0000 2340.0000 2076.0000 2332.0000 2204.0000 2174.0000 2452.0000 2272.0000 
72.0000 2348.0000 2306.0000 2337.0000 2182.0000 2277.0000 2228.0000 2435.0000 2401.0000 
72.2000 2334.0000 2422.0000 2175.0000 2252.0000 2277.0000 2202.0000 2508.0000 2338.0000 
72.4000 2310.0000 2418.0000 2228.0000 2315.0000 2325.0000 2221.0000 2452.0000 2211.0000 
72.6000 2223.0000 2238.0000 2327.0000 2211.0000 2369.0000 2176.0000 2428.0000 2295.0000 
72.8000 2319.0000 2443.0000 2316.0000 2168.0000 2364.0000 2260.0000 2415.0000 2344.0000 
73.0000 2392.0000 2359.0000 2386.0000 2239.0000 2406.0000 2182.0000 2310.0000 2300.0000 
73.2000 2498.0000 2396.0000 2094.0000 2221.0000 2233.0000 2285.0000 2367.0000 2436.0000 
73.4000 2365.0000 2280.0000 2284.0000 2157.0000 2226.0000 2243.0000 2315.0000 2395.0000 
73.6000 2441.0000 2259.0000 2311.0000 2303.0000 2226.0000 2377.0000 2164.0000 2261.0000 
73.8000 2270.0000 2357.0000 2121.0000 2101.0000 2229.0000 2265.0000 2290.0000 2327.0000 
74.0000 2249.0000 2440.0000 2253.0000 2163.0000 2384.0000 2355.0000 2351.0000 2245.0000 
74.2000 2450.0000 2283.0000 2161.0000 2145.0000 2424.0000 2032.0000 2380.0000 2380.0000 
74.4000 2413.0000 2385.0000 2168.0000 2188.0000 2272.0000 2348.0000 2408.0000 2303.0000 
74.6000 2463.0000 2409.0000 2263.0000 2293.0000 2340.0000 2315.0000 2486.0000 2264.0000 
74.8000 2284.0000 2277.0000 2150.0000 2298.0000 2406.0000 2318.0000 2565.0000 2261.0000 
75.0000 2416.0000 2250.0000 2217.0000 2190.0000 2399.0000 2331.0000 2503.0000 2212.0000 
75.2000 2495.0000 2228.0000 2303.0000 2180.0000 2275.0000 2365.0000 2212.0000 2317.0000 
75.4000 2420.0000 2272.0000 2050.0000 2381.0000 2197.0000 2169.0000 2309.0000 2387.0000 
75.6000 2380.0000 2186.0000 2133.0000 2201.0000 2362.0000 2229.0000 2412.0000 2171.0000 
75.8000 2418.0000 2304.0000 2323.0000 2162.0000 2249.0000 2251.0000 2493.0000 2373.0000 
76.0000 2450.0000 2259.0000 2141.0000 2248.0000 2199.0000 2249.0000 2526.0000 2330.0000 
76.2000 2354.0000 2351.0000 2130.0000 2167.0000 2276.0000 2352.0000 2481.0000 2125.0000 
76.4000 2323.0000 2251.0000 2273.0000 2219.0000 2466.0000 2272.0000 2463.0000 2388.0000 
76.6000 2464.0000 2303.0000 2205.0000 2173.0000 2338.0000 2296.0000 2435.0000 2215.0000 
76.8000 2348.0000 2232.0000 2313.0000 2204.0000 2330.0000 2421.0000 2364.0000 2232.0000 
77.0000 2386.0000 2363.0000 2224.0000 2223.0000 2367.0000 2172.0000 2358.0000 2178.0000 
77.2000 2236.0000 2207.0000 2404.0000 2424.0000 2266.0000 2426.0000 2499.0000 2295.0000 
77.4000 2495.0000 2378.0000 2143.0000 2000.0000 2190.0000 2180.0000 2475.0000 2365.0000 
77.6000 2380.0000 2353.0000 2222.0000 2175.0000 2191.0000 2151.0000 2352.0000 2291.0000 
77.8000 2203.0000 2258.0000 2250.0000 2172.0000 2305.0000 2257.0000 2294.0000 2245.0000 
78.0000 2445.0000 2228.0000 2317.0000 2330.0000 2301.0000 2310.0000 2397.0000 2309.0000 
78.2000 2357.0000 2215.0000 2307.0000 2175.0000 2281.0000 2249.0000 2449.0000 2341.0000 
78.4000 2343.0000 2316.0000 2312.0000 2093.0000 2292.0000 2157.0000 2391.0000 2461.0000 
78.6000 2404.0000 2302.0000 2262.0000 2102.0000 2312.0000 2287.0000 2210.0000 2317.0000 
78.8000 2479.0000 2306.0000 2174.0000 2338.0000 2439.0000 2283.0000 2479.0000 2333.0000 
79.0000 2384.0000 2323.0000 2142.0000 2175.0000 2323.0000 2179.0000 2332.0000 2367.0000 
79.2000 2368.0000 2397.0000 2290.0000 2242.0000 2302.0000 2145.0000 2347.0000 2289.0000 
79.4000 2311.0000 2287.0000 2196.0000 2236.0000 2288.0000 2227.0000 2450.0000 2201.0000 
79.6000 2474.0000 2331.0000 2207.0000 2306.0000 2183.0000 2395.0000 2530.0000 2338.0000 
79.8000 2313.0000 2243.0000 2149.0000 2267.0000 2188.0000 2185.0000 2327.0000 2326.0000 
80.0000 2300.0000 2373.0000 2339.0000 2132.0000 2220.0000 2275.0000 2442.0000 2318.0000 
80.2000 2456.0000 2327.0000 2105.0000 2214.0000 2183.0000 2382.0000 2409.0000 2443.0000 
80.4000 2258.0000 2322.0000 2217.0000 2240.0000 2302.0000 2386.0000 2375.0000 2278.0000 
80.6000 2467.0000 2264.0000 2129.0000 2264.0000 2343.0000 2184.0000 2382.0000 2383.0000 
80.8000 2346.0000 2373.0000 2242.0000 2242.0000 2190.0000 2260.0000 2208.0000 2298.0000 
81.0000 2308.0000 2204.0000 2159.0000 2271.0000 2341.0000 2137.0000 2435.0000 2442.0000 
81.2000 2239.0000 2493.0000 2264.0000 2343.0000 2234.0000 2150.0000 2463.0000 2278.0000 
81.4000 2409.0000 2453.0000 2323.0000 2269.0000 2420.0000 2414.0000 2402.0000 2318.0000 
81.6000 2478.0000 2206.0000 2239.0000 2280.0000 2286.0000 2200.0000 2485.0000 2240.0000 
81.8000 2238.0000 2265.0000 2192.0000 2128.0000 2112.0000 2265.0000 2256.0000 2199.0000 
82.0000 2469.0000 2327.0000 2152.0000 2249.0000 2401.0000 2274.0000 2465.0000 2319.0000 
82.2000 2306.0000 2317.0000 2293.0000 2170.0000 2268.0000 2429.0000 2375.0000 2272.0000 
82.4000 2266.0000 2315.0000 2210.0000 2201.0000 2198.0000 2220.0000 2395.0000 2397.0000 
82.6000 2471.0000 2283.0000 2336.0000 2096.0000 2247.0000 2352.0000 2344.0000 2230.0000 
82.8000 2236.0000 2144.0000 2097.0000 2133.0000 2219.0000 2256.0000 2301.0000 2464.0000 
83.0000 2353.0000 2318.0000 2170.0000 2262.0000 2243.0000 2249.0000 2463.0000 2282.0000 
83.2000 2343.0000 2246.0000 2370.0000 2208.0000 2367.0000 2289.0000 2317.0000 2163.0000 
83.4000 2318.0000 2336.0000 2216.0000 2181.0000 2151.0000 2283.0000 2349.0000 2287.0000 
83.6000 2460.0000 2173.0000 2255.0000 2215.0000 2386.0000 2177.0000 2281.0000 2266.0000 
83.8000 2479.0000 2173.0000 2128.0000 2274.0000 2227.0000 2287.0000 2416.0000 2305.0000 
84.0000 2411.0000 2167.0000 2130.0000 2203.0000 2438.0000 2312.0000 2268.0000 2286.0000 
84.2000 2387.0000 2240.0000 2066.0000 2158.0000 2323.0000 2194.0000 2361.0000 2172.0000 
84.4000 2372.0000 2243.0000 2308.0000 2094.0000 2249.0000 2366.0000 2398.0000 2264.0000 
84.6000 2441.0000 2332.0000 2266.0000 2255.0000 2331.0000 2321.0000 2371.0000 2332.0000 
84.8000 2360.0000 2270.0000 2250.0000 2171.0000 2316.0000 2367.0000 2463.0000 2254.0000 
85.0000 2309.0000 2387.0000 2133.0000 2189.0000 2343.0000 2240.0000 2428.0000 2222.0000 
85.2000 2350.0000 2329.0000 2380.0000 2266.0000 2369.0000 2383.0000 2379.0000 2330.0000 
85.4000 2424.0000 2343.0000 2203.0000 2200.0000 2251.0000 2258.0000 2260.0000 2302.0000 
85.6000 2397.0000 2282.0000 2230.0000 2176.0000 2316.0000 2308.0000 2344.0000 2532.0000 
85.8000 2282.0000 2272.0000 2337.0000 2241.0000 2358.0000 2116.0000 2387.0000 2247.0000 
86.0000 2248.0000 2280.0000 2153.0000 2299.0000 2283.0000 2214.0000 2444.0000 2302.0000 
86.2000 2426.0000 2297.0000 2327.0000 2314.0000 2345.0000 2177.0000 2483.0000 2282.0000 
86.4000 2312.0000 2356.0000 2138.0000 2270.0000 2349.0000 2396.0000 2352.0000 2406.0000 
86.6000 2392.0000 2271.0000 2184.0000 2285.0000 2446.0000 2082.0000 2522.0000 2192.0000 
86.8000 2457.0000 2316.0000 2165.0000 2128.0000 2276.0000 2221.0000 2426.0000 1992.0000 
87.0000 2325.0000 2172.0000 2233.0000 2158.0000 2205.0000 2242.0000 2336.0000 2354.0000 
87.2000 2302.0000 2403.0000 2184.0000 2208.0000 2386.0000 2156.0000 2334.0000 2398.0000 
87.4000 2326.0000 2311.0000 2220.0000 2098.0000 2434.0000 2168.0000 2446.0000 2292.0000 
87.6000 2294.0000 2247.0000 2235.0000 2178.0000 2388.0000 2360.0000 2437.0000 2423.0000 
87.8000 2279.0000 2304.0000 2200.0000 2249.0000 2250.0000 2361.0000 2418.0000 2207.0000 
88.0000 2393.0000 2383.0000 2119.0000 2316.0000 2269.0000 2381.0000 2462.0000 2311.0000 
88.2000 2257.0000 2271.0000 2182.0000 2158.0000 2272.0000 2262.0000 2516.0000 2314.0000 
88.4000 2421.0000 2205.0000 2225.0000 2192.0000 2287.0000 2185.0000 2525.0000 2143.0000 
88.6000 2515.0000 2459.0000 2386.0000 2263.0000 2468.0000 2502.0000 2541.0000 2322.0000 
88.8000 2443.0000 2210.0000 2191.0000 2387.0000 2230.0000 2408.0000 2403.0000 2436.0000 
89.0000 2270.0000 2368.0000 2194.0000 2213.0000 2399.0000 2428.0000 2474.0000 2397.0000 
89.2000 2455.0000 2294.0000 2149.0000 2213.0000 2365.0000 2245.0000 2498.0000 2428.0000 
89.4000 2504.0000 2307.0000 2337.0000 2315.0000 2141.0000 2226.0000 2487.0000 2280.0000 
89.6000 2409.0000 2359.0000 2268.0000 2025.0000 2332.0000 2201.0000 2396.0000 2349.0000 
89.8000 2406.0000 2417.0000 2100.0000 2146.0000 2372.0000 2128.0000 2439.0000 2192.0000 
90.0000 2445.0000 2327.0000 2300.0000 2492.0000 2450.0000 2294.0000 2544.0000 2392.0000 
90.2000 2235.0000 2323.0000 2137.0000 2266.0000 2266.0000 2135.0000 2533.0000 2417.0000 
90.4000 2365.0000 2241.0000 2079.0000 2400.0000 2349.0000 2203.0000 2253.0000 2292.0000 
90.6000 2270.0000 2338.0000 2305.0000 2141.0000 2341.0000 2222.0000 2293.0000 2338.0000 
90.8000 2366.0000 2309.0000 2121.0000 2268.0000 2224.0000 2332.0000 2400.0000 2217.0000 
91.0000 2398.0000 2355.0000 2044.0000 2245.0000 2307.0000 2087.0000 2423.0000 2305.0000 
91.2000 2359.0000 2262.0000 2099.0000 2090.0000 2265.0000 2131.0000 2269.0000 2249.0000 
91.4000 2171.0000 2084.0000 1894.0000 2161.0000 2094.0000 2014.0000 2179.0000 2072.0000 
91.6000 2259.0000 2391.0000 2237.0000 1986.0000 2287.0000 2257.0000 2360.0000 2167.0000 
91.8000 2258.0000 2074.0000 1925.0000 1988.0000 2029.0000 1901.0000 2206.0000 2154.0000 
92.0000 2444.0000 2409.0000 2141.0000 2245.0000 2402.0000 2321.0000 2525.0000 2574.0000 
92.2000 2117.0000 2234.0000 2127.0000 1875.0000 2139.0000 1967.0000 2306.0000 2217.0000 
92.4000 2373.0000 2321.0000 2288.0000 2275.0000 2240.0000 2316.0000 2264.0000 2469.0000 
92.6000 2166.0000 2167.0000 1984.0000 2059.0000 2096.0000 1910.0000 2252.0000 2060.0000 
92.8000 2413.0000 2416.0000 2252.0000 2337.0000 2253.0000 2167.0000 2381.0000 2404.0000 
93.0000 2234.0000 2135.0000 1979.0000 2037.0000 2097.0000 1988.0000 2192.0000 2015.0000 
93.2000 2374.0000 2205.0000 2111.0000 2321.0000 2265.0000 2289.0000 2452.0000 2273.0000 
93.4000 2053.0000 2032.0000 2097.0000 1949.0000 2027.0000 2161.0000 2139.0000 2053.0000 
93.6000 2214.0000 2164.0000 2087.0000 2206.0000 2217.0000 2269.0000 2412.0000 2316.0000 
93.8000 2127.0000 2130.0000 1831.0000 2034.0000 2093.0000 2031.0000 2337.0000 1924.0000 
94.0000 2073.0000 2303.0000 2170.0000 2289.0000 2314.0000 2210.0000 2463.0000 2352.0000 
94.2000 2069.0000 2049.0000 1861.0000 2012.0000 2105.0000 1874.0000 2062.0000 1916.0000 
94.4000 2337.0000 2236.0000 2318.0000 2145.0000 2419.0000 2200.0000 2420.0000 2325.0000 
94.6000 2014.0000 1945.0000 2023.0000 1940.0000 2143.0000 1980.0000 2172.0000 2064.0000 
94.8000 2289.0000 2252.0000 2246.0000 2179.0000 2276.0000 2308.0000 2420.0000 2327.0000 
95.0000 2108.0000 1967.0000 1939.0000 1952.0000 2048.0000 1928.0000 2304.0000 2094.0000 
95.2000 2431.0000 2206.0000 2229.0000 2180.0000 2342.0000 2254.0000 2520.0000 2413.0000 
95.4000 2159.0000 2124.0000 1869.0000 1885.0000 1949.0000 2132.0000 2107.0000 2102.0000 
95.6000 2285.0000 2314.0000 2173.0000 2157.0000 2261.0000 2330.0000 2355.0000 2273.0000 
95.8000 2054.0000 2167.0000 1983.0000 2014.0000 2156.0000 2010.0000 2148.0000 2086.0000 
96.0000 2304.0000 2280.0000 2137.0000 2241.0000 2218.0000 2170.0000 2355.0000 2184.0000 
96.2000 2043.0000 2127.0000 2055.0000 1824.0000 2081.0000 1950.0000 2209.0000 2045.0000 
96.4000 2318.0000 2254.0000 2234.0000 2286.0000 2235.0000 2288.0000 2422.0000 2377.0000 
96.6000 2095.0000 1990.0000 1958.0000 1957.0000 2108.0000 1895.0000 2200.0000 2120.0000 
96.8000 2334.0000 2313.0000 2151.0000 2229.0000 2371.0000 2152.0000 2313.0000 2091.0000 
97.0000 1871.0000 2016.0000 2082.0000 1988.0000 2105.0000 2001.0000 2168.0000 2033.0000 
97.2000 2162.0000 2267.0000 2074.0000 2106.0000 2304.0000 2321.0000 2506.0000 2365.0000 
97.4000 2300.0000 2048.0000 2020.0000 1903.0000 2028.0000 1895.0000 2091.0000 2216.0000 
97.6000 2409.0000 2434.0000 2130.0000 2199.0000 2410.0000 2220.0000 2428.0000 2190.0000 
97.8000 2134.0000 2168.0000 2052.0000 1923.0000 2053.0000 1873.0000 2181.0000 1967.0000 
98.0000 2230.0000 2239.0000 2195.0000 2096.0000 2168.0000 2235.0000 2383.0000 2327.0000 
98.2000 2023.0000 1929.0000 1837.0000 1934.0000 1885.0000 2092.0000 2130.0000 1952.0000 
98.4000 2213.0000 2078.0000 2042.0000 2098.0000 2345.0000 2099.0000 2507.0000 2322.0000 
98.6000 2007.0000 2083.0000 1967.0000 2005.0000 2022.0000 2097.0000 2148.0000 2150.0000 
98.8000 2197.0000 2066.0000 2174.0000 2226.0000 2265.0000 2266.0000 2424.0000 2320.0000 
99.0000 2085.0000 2146.0000 2005.0000 2087.0000 2071.0000 1963.0000 2162.0000 2027.0000 
99.2000 2171.0000 2288.0000 2306.0000 2182.0000 2218.0000 2317.0000 2375.0000 2325.0000 
99.4000 2103.0000 2180.0000 2036.0000 1991.0000 1950.0000 2111.0000 2280.0000 2074.0000 
99.6000 2406.0000 2158.0000 2143.0000 2152.0000 2346.0000 2349.0000 2460.0000 2407.0000 
99.8000 2185.0000 2023.0000 1807.0000 1939.0000 1966.0000 2020.0000 2205.0000 2201.0000 
100.0000 2502.0000 2254.0000 2156.0000 2116.0000 2263.0000 2219.0000 2413.0000 2223.0000 
100.2000 2211.0000 2140.0000 1864.0000 2014.0000 1989.0000 1929.0000 2128.0000 2107.0000 
100.4000 2275.0000 2149.0000 2199.0000 2277.0000 2144.0000 2297.0000 2423.0000 2421.0000 
100.6000 2200.0000 2023.0000 2023.0000 2116.0000 2181.0000 1899.0000 2116.0000 1990.0000 
100.8000 2295.0000 2356.0000 2004.0000 2047.0000 2436.0000 2146.0000 2346.0000 2243.0000 
101.0000 1899.0000 2245.0000 1882.0000 1986.0000 2117.0000 2029.0000 2057.0000 1941.0000 
101.2000 2259.0000 2211.0000 2052.0000 2047.0000 2407.0000 2148.0000 2316.0000 2312.0000 
101.4000 2020.0000 2041.0000 1880.0000 1949.0000 2188.0000 1968.0000 2223.0000 2151.0000 
101.6000 2221.0000 2282.0000 2178.0000 2200.0000 2310.0000 2437.0000 2453.0000 2158.0000 
101.8000 2132.0000 2143.0000 1900.0000 2092.0000 2125.0000 1969.0000 2222.0000 2103.0000 
102.0000 2338.0000 2191.0000 2276.0000 2313.0000 2124.0000 2242.0000 2308.0000 2201.0000 
102.2000 2090.0000 2019.0000 2029.0000 1982.0000 2143.0000 1962.0000 2197.0000 2043.0000 
102.4000 2319.0000 2423.0000 2217.0000 2200.0000 2415.0000 2217.0000 2457.0000 2320.0000 
102.6000 2058.0000 1957.0000 1938.0000 1964.0000 1964.0000 1931.0000 2262.0000 2066.0000 
102.8000 2269.0000 2224.0000 2120.0000 2233.0000 2146.0000 2301.0000 2383.0000 2272.0000 
103.0000 2191.0000 2005.0000 2024.0000 1982.0000 1982.0000 1999.0000 2201.0000 2126.0000 
103.2000 2316.0000 2418.0000 2257.0000 2178.0000 2353.0000 2127.0000 2278.0000 2356.0000 
103.4000 2125.0000 2076.0000 1883.0000 1887.0000 2172.0000 2069.0000 2125.0000 1994.0000 
103.6000 2283.0000 2226.0000 2275.0000 2232.0000 2279.0000 2206.0000 2205.0000 2225.0000 
103.8000 2173.0000 2090.0000 1947.0000 1936.0000 2144.0000 2066.0000 2262.0000 2061.0000 
104.0000 2417.0000 2224.0000 2170.0000 2263.0000 2400.0000 2185.0000 2554.0000 2360.0000 
104.2000 2020.0000 2050.0000 1942.0000 1894.0000 2045.0000 2038.0000 2064.0000 2083.0000 
104.4000 2206.0000 2487.0000 2252.0000 2285.0000 2429.0000 2396.0000 2266.0000 2242.0000 
104.6000 2057.0000 2088.0000 1957.0000 2064.0000 1985.0000 1996.0000 2193.0000 2093.0000 
104.8000 2298.0000 2273.0000 2130.0000 2168.0000 2155.0000 2379.0000 2434.0000 2265.0000 
105.0000 1969.0000 1910.0000 2028.0000 1974.0000 1950.0000 2079.0000 2136.0000 2033.0000 
105.2000 2245.0000 2359.0000 2037.0000 2143.0000 2109.0000 2237.0000 2432.0000 2355.0000 
105.4000 2079.0000 2103.0000 2030.0000 1991.0000 2100.0000 2001.0000 2209.0000 1939.0000 
105.6000 2396.0000 2240.0000 2190.0000 2115.0000 2230.0000 2295.0000 2451.0000 2321.0000 
105.8000 2005.0000 1999.0000 1977.0000 1924.0000 1915.0000 1938.0000 2119.0000 1954.0000 
106.0000 2178.0000 2226.0000 2003.0000 2267.0000 2211.0000 2246.0000 2396.0000 2302.0000 
106.2000 2107.0000 2078.0000 2031.0000 2025.0000 1967.0000 2039.0000 2171.0000 1990.0000 
106.4000 2273.0000 2372.0000 2181.0000 2249.0000 2281.0000 2259.0000 2392.0000 2249.0000 
106.6000 2178.0000 2113.0000 1975.0000 1969.0000 2032.0000 2055.0000 2150.0000 1988.0000 
106.8000 2214.0000 2168.0000 2135.0000 2224.0000 2158.0000 2371.0000 2297.0000 2402.0000 
107.0000 2187.0000 1988.0000 2014.0000 1935.0000 2082.0000 2048.0000 2121.0000 2055.0000 
107.2000 2200.0000 2472.0000 2318.0000 2123.0000 2431.0000 2227.0000 2349.0000 2309.0000 
107.4000 2158.0000 2210.0000 1982.0000 2001.0000 1988.0000 2152.0000 2167.0000 2114.0000 
107.6000 2318.0000 2381.0000 2004.0000 2135.0000 2236.0000 2144.0000 2262.0000 2244.0000 
107.8000 2128.0000 2085.0000 1960.0000 2092.0000 2049.0000 1919.0000 2108.0000 2020.0000 
108.0000 2398.0000 2258.0000 2201.0000 2210.0000 2416.0000 2204.0000 2427.0000 2317.0000 
108.2000 2190.0000 2039.0000 1990.0000 2029.0000 2124.0000 2118.0000 2063.0000 2083.0000 
108.4000 2313.0000 2219.0000 2167.0000 2089.0000 2264.0000 2179.0000 2350.0000 2137.0000 
108.6000 2012.0000 1997.0000 2018.0000 1922.0000 1957.0000 2083.0000 2157.0000 2050.0000 
108.8000 2216.0000 2339.0000 2087.0000 2171.0000 2330.0000 2314.0000 2470.0000 2322.0000 
109.0000 2207.0000 2052.0000 1975.0000 1877.0000 2032.0000 1965.0000 2163.0000 2006.0000 
109.2000 2226.0000 2253.0000 2157.0000 2201.0000 2361.0000 2246.0000 2446.0000 2252.0000 
109.4000 1976.0000 2054.0000 2053.0000 1899.0000 2034.0000 2021.0000 2149.0000 2172.0000 
109.6000 2287.0000 2262.0000 2052.0000 2193.0000 2251.0000 2117.0000 2375.0000 2355.0000 
109.8000 2169.0000 2109.0000 1907.0000 2109.0000 1933.0000 2110.0000 2010.0000 2138.0000 
110.0000 2391.0000 2268.0000 2224.0000 2141.0000 2247.0000 2190.0000 2393.0000 2156.0000 
110.2000 2140.0000 2094.0000 1992.0000 1973.0000 1983.0000 1993.0000 2139.0000 1999.0000 
110.4000 2282.0000 2377.0000 2182.0000 2382.0000 2269.0000 2214.0000 2420.0000 2349.0000 
110.6000 2069.0000 2047.0000 1925.0000 1944.0000 2069.0000 2060.0000 2127.0000 2157.0000 
110.8000 2364.0000 2279.0000 2086.0000 2322.0000 2222.0000 2353.0000 2377.0000 2369.0000 
111.0000 2213.0000 2061.0000 1987.0000 2079.0000 1940.0000 2003.0000 2150.0000 2108.0000 
111.2000 2113.0000 2247.0000 2078.0000 2118.0000 2393.0000 2114.0000 2371.0000 2291.0000 
111.4000 2189.0000 1992.0000 2048.0000 2013.0000 2073.0000 2011.0000 1962.0000 2100.0000 
111.6000 2227.0000 2180.0000 2140.0000 2076.0000 2212.0000 2164.0000 2241.0000 2389.0000 
111.8000 2146.0000 2060.0000 2022.0000 1984.0000 2188.0000 2156.0000 2193.0000 2056.0000 
112.0000 2262.0000 2121.0000 2252.0000 2160.0000 2289.0000 2283.0000 2336.0000 2285.0000 
112.2000 2079.0000 1984.0000 1979.0000 1896.0000 2189.0000 2098.0000 2238.0000 2087.0000 
112.4000 2252.0000 2200.0000 2073.0000 2166.0000 2165.0000 2283.0000 2362.0000 2233.0000 
112.6000 2083.0000 2065.0000 1894.0000 1962.0000 2055.0000 1954.0000 2223.0000 1986.0000 
112.8000 2372.0000 2241.0000 2156.0000 2132.0000 2255.0000 2298.0000 2419.0000 2309.0000 
113.0000 2250.0000 2075.0000 1958.0000 1901.0000 2108.0000 2054.0000 2190.0000 2034.0000 
113.2000 2279.0000 2258.0000 2145.0000 2064.0000 2310.0000 2210.0000 2368.0000 2410.0000 
113.4000 1988.0000 2088.0000 1947.0000 1980.0000 2046.0000 1960.0000 2214.0000 1937.0000 
113.6000 2424.0000 2237.0000 2156.0000 2291.0000 2198.0000 2343.0000 2419.0000 2307.0000 
113.8000 1934.0000 2062.0000 2012.0000 1985.0000 2064.0000 1964.0000 2261.0000 2136.0000 
114.0000 2345.0000 2338.0000 2186.0000 2281.0000 2209.0000 2290.0000 2461.0000 2184.0000 
114.2000 2083.0000 2097.0000 2035.0000 2113.0000 1986.0000 2041.0000 2076.0000 2056.0000 
114.4000 2254.0000 2201.0000 2265.0000 2194.0000 2245.0000 2294.0000 2354.0000 2138.0000 
114.6000 2174.0000 2197.0000 2020.0000 1994.0000 1970.0000 1991.0000 2116.0000 2045.0000 
114.8000 2182.0000 2453.0000 2223.0000 2147.0000 2228.0000 2237.0000 2297.0000 2447.0000 
115.0000 2162.0000 2124.0000 1927.0000 2099.0000 2118.0000 1990.0000 2264.0000 2111.0000 
115.2000 2213.0000 2232.0000 2215.0000 2138.0000 2258.0000 2447.0000 2309.0000 2332.0000 
115.4000 2045.0000 2039.0000 1962.0000 1986.0000 1996.0000 2019.0000 2199.0000 2171.0000 
115.6000 2268.0000 2203.0000 2211.0000 2139.0000 2423.0000 2254.0000 2407.0000 2287.0000 
115.8000 2065.0000 2034.0000 1878.0000 1912.0000 2139.0000 2012.0000 2086.0000 2074.0000 
116.0000 2221.0000 2315.0000 2118.0000 2219.0000 2502.0000 2425.0000 2262.0000 2398.0000 
116.2000 1974.0000 2086.0000 1931.0000 1947.0000 2042.0000 1960.0000 2005.0000 2082.0000 
116.4000 2308.0000 2329.0000 2128.0000 2124.0000 2133.0000 2154.0000 2219.0000 2200.0000 
116.6000 2045.0000 2190.0000 1918.0000 2040.0000 2121.0000 1820.0000 2134.0000 2031.0000 
116.8000 2362.0000 2418.0000 2137.0000 2263.0000 2245.0000 2488.0000 2488.0000 2329.0000 
117.0000 2071.0000 2057.0000 1913.0000 2058.0000 2083.0000 2083.0000 2170.0000 2086.0000 
117.2000 2313.0000 2334.0000 2157.0000 2145.0000 2233.0000 2255.0000 2325.0000 2312.0000 
117.4000 2177.0000 2092.0000 2032.0000 2066.0000 2214.0000 1895.0000 2170.0000 2135.0000 
117.6000 2193.0000 2198.0000 2206.0000 2192.0000 2211.0000 2342.0000 2469.0000 2419.0000 
117.8000 1971.0000 2208.0000 2002.0000 1907.0000 2141.0000 2012.0000 2203.0000 2113.0000 
118.0000 2342.0000 2377.0000 2161.0000 2233.0000 2193.0000 2173.0000 2391.0000 2447.0000 
118.2000 2062.0000 2033.0000 1881.0000 2085.0000 2025.0000 2003.0000 2128.0000 2062.0000 
118.4000 2244.0000 2366.0000 2146.0000 2344.0000 2327.0000 2216.0000 2373.0000 2286.0000 
118.6000 2163.0000 2127.0000 1911.0000 1902.0000 2024.0000 1983.0000 2111.0000 2103.0000 
118.8000 2351.0000 2314.0000 2185.0000 2155.0000 2165.0000 2182.0000 2327.0000 2289.0000 
119.0000 2067.0000 2124.0000 1937.0000 2110.0000 2094.0000 2083.0000 2121.0000 2125.0000 
119.2000 2250.0000 2172.0000 2192.0000 2145.0000 2242.0000 2257.0000 2264.0000 2253.0000 
119.4000 2060.0000 2061.0000 1942.0000 2044.0000 2091.0000 2012.0000 2340.0000 2048.0000 
119.6000 2207.0000 2166.0000 2138.0000 2056.0000 2202.0000 2101.0000 2334.0000 2310.0000 
119.8000 2179.0000 2067.0000 1993.0000 1917.0000 2132.0000 2117.0000 2158.0000 2101.0000 
120.0000 2181.0000 2272.0000 2091.0000 2215.0000 2237.0000 2134.0000 2406.0000 2389.0000 
120.2000 2155.0000 2016.0000 1968.0000 1986.0000 2049.0000 1945.0000 2118.0000 2142.0000 
120.4000 2257.0000 2327.0000 2101.0000 2133.0000 2369.0000 2189.0000 2423.0000 2247.0000 
120.6000 1961.0000 1995.0000 1957.0000 2000.0000 2083.0000 2003.0000 2165.0000 2112.0000 
120.8000 2340.0000 2264.0000 2297.0000 2221.0000 2309.0000 2200.0000 2303.0000 2354.0000 
121.0000 2079.0000 2032.0000 1933.0000 2009.0000 1947.0000 2083.0000 2201.0000 2163.0000 
121.2000 2306.0000 2223.0000 2194.0000 2182.0000 2293.0000 2200.0000 2251.0000 2272.0000 
121.4000 2258.0000 2100.0000 1975.0000 1989.0000 2038.0000 2048.0000 2159.0000 2175.0000 
121.6000 2221.0000 2211.0000 2022.0000 2124.0000 2172.0000 2255.0000 2283.0000 2272.0000 
121.8000 2083.0000 2032.0000 1867.0000 2032.0000 2063.0000 2010.0000 2128.0000 1980.0000 
122.0000 2289.0000 2209.0000 2147.0000 2129.0000 2248.0000 2301.0000 2242.0000 2276.0000 
122.2000 2236.0000 1901.0000 2077.0000 2032.0000 1954.0000 1865.0000 2256.0000 2144.0000 
122.4000 2335.0000 2184.0000 2143.0000 2193.0000 2303.0000 2255.0000 2347.0000 2311.0000 
122.6000 2307.0000 1960.0000 1955.0000 2033.0000 2093.0000 2176.0000 2219.0000 2116.0000 
122.8000 2226.0000 2175.0000 2154.0000 2140.0000 2144.0000 2082.0000 2313.0000 2348.0000 
123.0000 2135.0000 2030.0000 1919.0000 1983.0000 1922.0000 1905.0000 2180.0000 2198.0000 
123.2000 2389.0000 2280.0000 2176.0000 2385.0000 2389.0000 2233.0000 2367.0000 2391.0000 
123.4000 2172.0000 2075.0000 2120.0000 2161.0000 2126.0000 2015.0000 2217.0000 2127.0000 
123.6000 2251.0000 2355.0000 2167.0000 2327.0000 2359.0000 2318.0000 2312.0000 2335.0000 
123.8000 2093.0000 1987.0000 1897.0000 2005.0000 2030.0000 2076.0000 2190.0000 2067.0000 
124.0000 2248.0000 2220.0000 2222.0000 2208.0000 2114.0000 2354.0000 2469.0000 2410.0000 
124.2000 2166.0000 2104.0000 1959.0000 1966.0000 2114.0000 2000.0000 2101.0000 2048.0000 
124.4000 2184.0000 2305.0000 2229.0000 2248.0000 2225.0000 2328.0000 2398.0000 2348.0000 
124.6000 2081.0000 2199.0000 1909.0000 2012.0000 2074.0000 1927.0000 2162.0000 2046.0000 
124.8000 2316.0000 2280.0000 2270.0000 2169.0000 2263.0000 2147.0000 2447.0000 2187.0000 
125.0000 2109.0000 2045.0000 1923.0000 1926.0000 2161.0000 2046.0000 2184.0000 2020.0000 
125.2000 2238.0000 2228.0000 2006.0000 2154.0000 2153.0000 2191.0000 2324.0000 2293.0000 
125.4000 2001.0000 1839.0000 1980.0000 2035.0000 1954.0000 2061.0000 2112.0000 2039.0000 
125.6000 2213.0000 2199.0000 2118.0000 2122.0000 2191.0000 2131.0000 2367.0000 2360.0000 
125.8000 2124.0000 2184.0000 2138.0000 2016.0000 2065.0000 1970.0000 2156.0000 2094.0000 
126.0000 2319.0000 2175.0000 2212.0000 2238.0000 2341.0000 2279.0000 2258.0000 2290.0000 
126.2000 2068.0000 2072.0000 2155.0000 1886.0000 2023.0000 1995.0000 2281.0000 2140.0000 
126.4000 2202.0000 2225.0000 2176.0000 2115.0000 2220.0000 2275.0000 2347.0000 2206.0000 
126.6000 2092.0000 2158.0000 1916.0000 2068.0000 1994.0000 1936.0000 2087.0000 1994.0000 
126.8000 2391.0000 2319.0000 2275.0000 2108.0000 2098.0000 2255.0000 2400.0000 2375.0000 
127.0000 2248.0000 2019.0000 2026.0000 1997.0000 2042.0000 2092.0000 2112.0000 1916.0000 
127.2000 2307.0000 2306.0000 2234.0000 2174.0000 2247.0000 2115.0000 2393.0000 2392.0000 
127.4000 2206.0000 2105.0000 1927.0000 2087.0000 2050.0000 2084.0000 2302.0000 1944.0000 
127.6000 2233.0000 2171.0000 2221.0000 2173.0000 2300.0000 2138.0000 2400.0000 2246.0000 
127.8000 2128.0000 2076.0000 1991.0000 1844.0000 2072.0000 1863.0000 2155.0000 2155.0000 
128.0000 2314.0000 2146.0000 2179.0000 2186.0000 2262.0000 2179.0000 2521.0000 2473.0000 
128.2000 2127.0000 2050.0000 1990.0000 1979.0000 1964.0000 2049.0000 2029.0000 2148.0000 
128.4000 2377.0000 2255.0000 2208.0000 2117.0000 2260.0000 2149.0000 2338.0000 2195.0000 
128.6000 2072.0000 2014.0000 2175.0000 1989.0000 2050.0000 2045.0000 2255.0000 2189.0000 
128.8000 2321.0000 2301.0000 2145.0000 2222.0000 2278.0000 2235.0000 2419.0000 2243.0000 
129.0000 2052.0000 2152.0000 2005.0000 2110.0000 2110.0000 2039.0000 2146.0000 2065.0000 
129.2000 2272.0000 2163.0000 2154.0000 2166.0000 2421.0000 2295.0000 2311.0000 2240.0000 
129.4000 1983.0000 2183.0000 1967.0000 2095.0000 2203.0000 1973.0000 2104.0000 2160.0000 
129.6000 2403.0000 2325.0000 2279.0000 2309.0000 2240.0000 2424.0000 2435.0000 2292.0000 
129.8000 2137.0000 2101.0000 1988.0000 2038.0000 2067.0000 2038.0000 2342.0000 2240.0000 
130.0000 2331.0000 2186.0000 2112.0000 2147.0000 2218.0000 2364.0000 2537.0000 2228.0000 
130.2000 2218.0000 1980.0000 1972.0000 1948.0000 1991.0000 2159.0000 2123.0000 1945.0000 
130.4000 2354.0000 2256.0000 2245.0000 2104.0000 2180.0000 2215.0000 2264.0000 2285.0000 
130.6000 2123.0000 2145.0000 1930.0000 2041.0000 2022.0000 1976.0000 2214.0000 2002.0000 
130.8000 2255.0000 2326.0000 2119.0000 2194.0000 2212.0000 2406.0000 2309.0000 2227.0000 
131.0000 2108.0000 2021.0000 1959.0000 1952.0000 1922.0000 2036.0000 2161.0000 1981.0000 
131.2000 2167.0000 2183.0000 2099.0000 2374.0000 2334.0000 2192.0000 2478.0000 2369.0000 
131.4000 2082.0000 2028.0000 2001.0000 1776.0000 2070.0000 2005.0000 2083.0000 2005.0000 
131.6000 2320.0000 2191.0000 2120.0000 2149.0000 2271.0000 2141.0000 2335.0000 2327.0000 
131.8000 2202.0000 2107.0000 2099.0000 1988.0000 2152.0000 2019.0000 2038.0000 2080.0000 
132.0000 2213.0000 2352.0000 2235.0000 2252.0000 2454.0000 2185.0000 2264.0000 2336.0000 
132.2000 2118.0000 2032.0000 2102.0000 2028.0000 2219.0000 2026.0000 2182.0000 2032.0000 
132.4000 2260.0000 2361.0000 2168.0000 2164.0000 2258.0000 2224.0000 2536.0000 2228.0000 
132.6000 2210.0000 2177.0000 1836.0000 1988.0000 2118.0000 2014.0000 2258.0000 2063.0000 
132.8000 2290.0000 2370.0000 2044.0000 2185.0000 2276.0000 2294.0000 2426.0000 2213.0000 
133.0000 2142.0000 2028.0000 1811.0000 2043.0000 2146.0000 1948.0000 2271.0000 2058.0000 
133.2000 2339.0000 2270.0000 2246.0000 2126.0000 2322.0000 2265.0000 2371.0000 2322.0000 
133.4000 2007.0000 2067.0000 2089.0000 1912.0000 1974.0000 2187.0000 2235.0000 2003.0000 
133.6000 2363.0000 2329.0000 2175.0000 2303.0000 2437.0000 2150.0000 2476.0000 2385.0000 
133.8000 2202.0000 2129.0000 1912.0000 2081.0000 2150.0000 1859.0000 2088.0000 1897.0000 
134.0000 2196.0000 2118.0000 2158.0000 2175.0000 2124.0000 2351.0000 2427.0000 2286.0000 
134.2000 2100.0000 2065.0000 2035.0000 1955.0000 2002.0000 1972.0000 2114.0000 2112.0000 
134.4000 2284.0000 2328.0000 2158.0000 2159.0000 2318.0000 2164.0000 2381.0000 2382.0000 
134.6000 2128.0000 1984.0000 1986.0000 1843.0000 2044.0000 1977.0000 2123.0000 1976.0000 
134.8000 2306.0000 2142.0000 2038.0000 2299.0000 2388.0000 2123.0000 2449.0000 2169.0000 
135.0000 2070.0000 1973.0000 1885.0000 1966.0000 2287.0000 2060.0000 2195.0000 2056.0000 
135.2000 2306.0000 2276.0000 2127.0000 2308.0000 2258.0000 2356.0000 2361.0000 2275.0000 
135.4000 2077.0000 2046.0000 2045.0000 1882.0000 2063.0000 1974.0000 2127.0000 2123.0000 
135.6000 2254.0000 2325.0000 2070.0000 2114.0000 2224.0000 2349.0000 2380.0000 2390.0000 
135.8000 2122.0000 1998.0000 1906.0000 2026.0000 2124.0000 1883.0000 2084.0000 2241.0000 
136.0000 2379.0000 2411.0000 2268.0000 2269.0000 2220.0000 2316.0000 2435.0000 2327.0000 
136.2000 2194.0000 2134.0000 1981.0000 2052.0000 2051.0000 1954.0000 2068.0000 2115.0000 
136.4000 2377.0000 2195.0000 2182.0000 2059.0000 2377.0000 2235.0000 2344.0000 2256.0000 
136.6000 2147.0000 2205.0000 1915.0000 1871.0000 2080.0000 1897.0000 2223.0000 2083.0000 
136.8000 2271.0000 2291.0000 2098.0000 2041.0000 2208.0000 2214.0000 2278.0000 2203.0000 
137.0000 2242.0000 2025.0000 2050.0000 1976.0000 2111.0000 1957.0000 2250.0000 2127.0000 
137.2000 2241.0000 2368.0000 2181.0000 2167.0000 2141.0000 2148.0000 2409.0000 2331.0000 
137.4000 2209.0000 2052.0000 1809.0000 2041.0000 1941.0000 1875.0000 2105.0000 2046.0000 
137.6000 2316.0000 2328.0000 2139.0000 2135.0000 2246.0000 2267.0000 2308.0000 2399.0000 
137.8000 2077.0000 2018.0000 1905.0000 1856.0000 2077.0000 1924.0000 2130.0000 2099.0000 
138.0000 2178.0000 2181.0000 2263.0000 2203.0000 2338.0000 2111.0000 2360.0000 2189.0000 
138.2000 2127.0000 2175.0000 2041.0000 2127.0000 2051.0000 2001.0000 2089.0000 2155.0000 
138.4000 2287.0000 2219.0000 2141.0000 2285.0000 2388.0000 2127.0000 2351.0000 2245.0000 
138.6000 2248.0000 2112.0000 2085.0000 2035.0000 2045.0000 2141.0000 2257.0000 2155.0000 
138.8000 2402.0000 2231.0000 2272.0000 2221.0000 2348.0000 2326.0000 2439.0000 2277.0000 
139.0000 2090.0000 2146.0000 2020.0000 2096.0000 2027.0000 1912.0000 2139.0000 2035.0000 
139.2000 2307.0000 2341.0000 2202.0000 2196.0000 2440.0000 2246.0000 2411.0000 2343.0000 
139.4000 1981.0000 1979.0000 2001.0000 1974.0000 2085.0000 2011.0000 2242.0000 1967.0000 
139.6000 2386.0000 2239.0000 2130.0000 2183.0000 2357.0000 2225.0000 2251.0000 2358.0000 
139.8000 2115.0000 1913.0000 1814.0000 2121.0000 2041.0000 1983.0000 2141.0000 2160.0000 
140.0000 2276.0000 2238.0000 2104.0000 2199.0000 2439.0000 2170.0000 2367.0000 2369.0000 
140.2000 2046.0000 1949.0000 1840.0000 1919.0000 2048.0000 1977.0000 2225.0000 2104.0000 
140.4000 2455.0000 2177.0000 2132.0000 2116.0000 2252.0000 2304.0000 2352.0000 2233.0000 
140.6000 1951.0000 2065.0000 1989.0000 1903.0000 2128.0000 1917.0000 2128.0000 2157.0000 
140.8000 2343.0000 2350.0000 2293.0000 2239.0000 2261.0000 2162.0000 2420.0000 2356.0000 
141.0000 1992.0000 2068.0000 1977.0000 1751.0000 2055.0000 2028.0000 2235.0000 2021.0000 
141.2000 2200.0000 2437.0000 2224.0000 2100.0000 2251.0000 2263.0000 2251.0000 2284.0000 
141.4000 2223.0000 2031.0000 1889.0000 2023.0000 1970.0000 1918.0000 2226.0000 2066.0000 
141.6000 2316.0000 2335.0000 2131.0000 2258.0000 2306.0000 2212.0000 2371.0000 2272.0000 
141.8000 1985.0000 2132.0000 1948.0000 2011.0000 2010.0000 2043.0000 2129.0000 2184.0000 
142.0000 2242.0000 2304.0000 2095.0000 2088.0000 2121.0000 2347.0000 2469.0000 2202.0000 
142.2000 2231.0000 2039.0000 1914.0000 1910.0000 2080.0000 2098.0000 2064.0000 2094.0000 
142.4000 2345.0000 2447.0000 2439.0000 2226.0000 2334.0000 2287.0000 2475.0000 2457.0000 
142.6000 2222.0000 2091.0000 1966.0000 2192.0000 2088.0000 2134.0000 2271.0000 2160.0000 
142.8000 2282.0000 2396.0000 2205.0000 2096.0000 2461.0000 2199.0000 2400.0000 2341.0000 
143.0000 2018.0000 2150.0000 2070.0000 1940.0000 2066.0000 2089.0000 2228.0000 2036.0000 
143.2000 2394.0000 2213.0000 2239.0000 2176.0000 2369.0000 2041.0000 2524.0000 2352.0000 
143.4000 2114.0000 2073.0000 1970.0000 2235.0000 1999.0000 1970.0000 2387.0000 2126.0000 
143.6000 2201.0000 2336.0000 2102.0000 2266.0000 2270.0000 2261.0000 2340.0000 2370.0000 
143.8000 2103.0000 2002.0000 2054.0000 1820.0000 2037.0000 2124.0000 2172.0000 2166.0000 
144.0000 2375.0000 2071.0000 2228.0000 2105.0000 2304.0000 2199.0000 2340.0000 2431.0000 
144.2000 2040.0000 2168.0000 1971.0000 1980.0000 1953.0000 2048.0000 2278.0000 2127.0000 
144.4000 2401.0000 2242.0000 2269.0000 2367.0000 2384.0000 2409.0000 2196.0000 2387.0000 
144.6000 2177.0000 2060.0000 1865.0000 1942.0000 2122.0000 1994.0000 2230.0000 2093.0000 
144.8000 2277.0000 2278.0000 2245.0000 2114.0000 2381.0000 2151.0000 2302.0000 2405.0000 
145.0000 2002.0000 2050.0000 2087.0000 2039.0000 2196.0000 2086.0000 2135.0000 2135.0000 
145.2000 2388.0000 2179.0000 2365.0000 2264.0000 2375.0000 2215.0000 2202.0000 2424.0000 
145.4000 2146.0000 2153.0000 1937.0000 2078.0000 2082.0000 1995.0000 2315.0000 2040.0000 
145.6000 2273.0000 2249.0000 2137.0000 2167.0000 2220.0000 2210.0000 2482.0000 2304.0000 
145.8000 2055.0000 2237.0000 2070.0000 1988.0000 2015.0000 1997.0000 2192.0000 2171.0000 
146.0000 2350.0000 2196.0000 2233.0000 2172.0000 2369.0000 2103.0000 2346.0000 2338.0000 
146.2000 2086.0000 2036.0000 1952.0000 1863.0000 2150.0000 1917.0000 2092.0000 2039.0000 
146.4000 2276.0000 2225.0000 2041.0000 2116.0000 2310.0000 2073.0000 2281.0000 2286.0000 
146.6000 2162.0000 2188.0000 2007.0000 2065.0000 2173.0000 2058.0000 2192.0000 2082.0000 
146.8000 2313.0000 2082.0000 2341.0000 2265.0000 2367.0000 2124.0000 2597.0000 2351.0000 
147.0000 2062.0000 2008.0000 1966.0000 2007.0000 1965.0000 2170.0000 2140.0000 2045.0000 
147.2000 2292.0000 2289.0000 2114.0000 2088.0000 2290.0000 2214.0000 2518.0000 2190.0000 
147.4000 2104.0000 2073.0000 2029.0000 2045.0000 2182.0000 2020.0000 2201.0000 2052.0000 
147.6000 2298.0000 2267.0000 2039.0000 2111.0000 2320.0000 2199.0000 2408.0000 2047.0000 
147.8000 2182.0000 2080.0000 1996.0000 1981.0000 2102.0000 1986.0000 2418.0000 2069.0000 
148.0000 2404.0000 2322.0000 2187.0000 2044.0000 2239.0000 2223.0000 2401.0000 2292.0000 
148.2000 2262.0000 2029.0000 2138.0000 2052.0000 2073.0000 1986.0000 2174.0000 2105.0000 
148.4000 2416.0000 2209.0000 2215.0000 2161.0000 2270.0000 2119.0000 2303.0000 2273.0000 
148.6000 2153.0000 1970.0000 2040.0000 1879.0000 2015.0000 2129.0000 2151.0000 2139.0000 
148.8000 2261.0000 2319.0000 2180.0000 2393.0000 2273.0000 2340.0000 2516.0000 2388.0000 
149.0000 2092.0000 2015.0000 1936.0000 2010.0000 2087.0000 1880.0000 2146.0000 2248.0000 
149.2000 2376.0000 2153.0000 2224.0000 2143.0000 2179.0000 2303.0000 2502.0000 2559.0000 
149.4000 2086.0000 2202.0000 2034.0000 1969.0000 2040.0000 2047.0000 2066.0000 2028.0000 
149.6000 2472.0000 2369.0000 2271.0000 2190.0000 2331.0000 2311.0000 2353.0000 2340.0000 
149.8000 2005.0000 2102.0000 1733.0000 1940.0000 2070.0000 2076.0000 2189.0000 2086.0000 
150.0000 2424.0000 2252.0000 2182.0000 2329.0000 2293.0000 2268.0000 2276.0000 2414.0000 
150.2000 2158.0000 2127.0000 1932.0000 1905.0000 1987.0000 1833.0000 2066.0000 2176.0000 
150.4000 2358.0000 2327.0000 2215.0000 2124.0000 2371.0000 2381.0000 2404.0000 2329.0000 
150.6000 2089.0000 2018.0000 1926.0000 1766.0000 2066.0000 1901.0000 2140.0000 1906.0000 
150.8000 2294.0000 2037.0000 2156.0000 2313.0000 2238.0000 2360.0000 2258.0000 2080.0000 
151.0000 2155.0000 2041.0000 2000.0000 1913.0000 1971.0000 1947.0000 2282.0000 1921.0000 
151.2000 2279.0000 2173.0000 2022.0000 2230.0000 2316.0000 2320.0000 2312.0000 2300.0000 
151.4000 2079.0000 2046.0000 1835.0000 2047.0000 1957.0000 2074.0000 2105.0000 2117.0000 
151.6000 2301.0000 2198.0000 2082.0000 2232.0000 2243.0000 2207.0000 2398.0000 2131.0000 
151.8000 2030.0000 2074.0000 1988.0000 2029.0000 2183.0000 2001.0000 2098.0000 2043.0000 
152.0000 2341.0000 2272.0000 2056.0000 2018.0000 2328.0000 2342.0000 2365.0000 2285.0000 
152.2000 2153.0000 2171.0000 2027.0000 1880.0000 1998.0000 2049.0000 2154.0000 2102.0000 
152.4000 2335.0000 2226.0000 2077.0000 2168.0000 2210.0000 2304.0000 2305.0000 2195.0000 
152.6000 2113.0000 2108.0000 2038.0000 2021.0000 2124.0000 2025.0000 2199.0000 2066.0000 
152.8000 2277.0000 2211.0000 2312.0000 2153.0000 2386.0000 2348.0000 2350.0000 2291.0000 
153.0000 2246.0000 2212.0000 1966.0000 1974.0000 2151.0000 2025.0000 2238.0000 2183.0000 
153.2000 2256.0000 2311.0000 2180.0000 2042.0000 2237.0000 2250.0000 2443.0000 2221.0000 
153.4000 2088.0000 2107.0000 1995.0000 2021.0000 2126.0000 2151.0000 2242.0000 1896.0000 
153.6000 2301.0000 2414.0000 2168.0000 2201.0000 2359.0000 2213.0000 2415.0000 2218.0000 
153.8000 2099.0000 1897.0000 2005.0000 1960.0000 2003.0000 1942.0000 2034.0000 1959.0000 
154.0000 2345.0000 2269.0000 2186.0000 2234.0000 2337.0000 2370.0000 2235.0000 2317.0000 
154.2000 2243.0000 1981.0000 1965.0000 1995.0000 2125.0000 1899.0000 2166.0000 2006.0000 
154.4000 2243.0000 2177.0000 2170.0000 2278.0000 2254.0000 2134.0000 2392.0000 2398.0000 
154.6000 2085.0000 2121.0000 1935.0000 2147.0000 2072.0000 2117.0000 2204.0000 2147.0000 
154.8000 2374.0000 2305.0000 2180.0000 2342.0000 2389.0000 2241.0000 2424.0000 2211.0000 
155.0000 2221.0000 2109.0000 1994.0000 1956.0000 2169.0000 2110.0000 2019.0000 2150.0000 
155.2000 2268.0000 2428.0000 2229.0000 2456.0000 2375.0000 2347.0000 2455.0000 2338.0000 
155.4000 2210.0000 2104.0000 2167.0000 2127.0000 2143.0000 1990.0000 2238.0000 2063.0000 
155.6000 2208.0000 2200.0000 2027.0000 2227.0000 2233.0000 2279.0000 2448.0000 2278.0000 
155.8000 2107.0000 2045.0000 2017.0000 1977.0000 1930.0000 2081.0000 2211.0000 2061.0000 
156.0000 2211.0000 2217.0000 2201.0000 2204.0000 2222.0000 2308.0000 2513.0000 2321.0000 
156.2000 2250.0000 1952.0000 1887.0000 2100.0000 2076.0000 1973.0000 2193.0000 2098.0000 
156.4000 2424.0000 2195.0000 2235.0000 2209.0000 2352.0000 2222.0000 2420.0000 2476.0000 
156.6000 2141.0000 1931.0000 2024.0000 1914.0000 2017.0000 1950.0000 2197.0000 1970.0000 
156.8000 2256.0000 2363.0000 2239.0000 2121.0000 2147.0000 2287.0000 2442.0000 2308.0000 
157.0000 2114.0000 2088.0000 2010.0000 1954.0000 2032.0000 1916.0000 2196.0000 2166.0000 
157.2000 2308.0000 2297.0000 2090.0000 2147.0000 2306.0000 2166.0000 2516.0000 2181.0000 
157.4000 2178.0000 1935.0000 1866.0000 2051.0000 2058.0000 1924.0000 2283.0000 2159.0000 
157.6000 2169.0000 2269.0000 2124.0000 2150.0000 2071.0000 2333.0000 2309.0000 2286.0000 
157.8000 2186.0000 2121.0000 2072.0000 1974.0000 2104.0000 1960.0000 2144.0000 2116.0000 
158.0000 2266.0000 2163.0000 2157.0000 2225.0000 2206.0000 2066.0000 2375.0000 2298.0000 
158.2000 2095.0000 2136.0000 1884.0000 1873.0000 2102.0000 1926.0000 2173.0000 2074.0000 
158.4000 2252.0000 2296.0000 2198.0000 2318.0000 2319.0000 2346.0000 2522.0000 2197.0000 
158.6000 2130.0000 2113.0000 1894.0000 1898.0000 2050.0000 2099.0000 2226.0000 2005.0000 
158.8000 2338.0000 2407.0000 2255.0000 2175.0000 2170.0000 2096.0000 2156.0000 2268.0000 
159.0000 1951.0000 2008.0000 2047.0000 2024.0000 2186.0000 2024.0000 2304.0000 2011.0000 
159.2000 2266.0000 2315.0000 2196.0000 2171.0000 2357.0000 2188.0000 2363.0000 2289.0000 
159.4000 2148.0000 2000.0000 2052.0000 2019.0000 2090.0000 2057.0000 2219.0000 2066.0000 
159.6000 2213.0000 2286.0000 2271.0000 2279.0000 2266.0000 2231.0000 2475.0000 2371.0000 
159.8000 2044.0000 2075.0000 1866.0000 1939.0000 2174.0000 2071.0000 2130.0000 2234.0000 
160.0000 2400.0000 2305.0000 2168.0000 2165.0000 2401.0000 2196.0000 2466.0000 2387.0000 
160.2000 2056.0000 2085.0000 1903.0000 1901.0000 2225.0000 2166.0000 2209.0000 2173.0000 
160.4000 2311.0000 2327.0000 2102.0000 2165.0000 2193.0000 2127.0000 2483.0000 2371.0000 
160.6000 2114.0000 2004.0000 1882.0000 2093.0000 2041.0000 2044.0000 2148.0000 1929.0000 
160.8000 2100.0000 2218.0000 2202.0000 2208.0000 2251.0000 2257.0000 2516.0000 2362.0000 
161.0000 2036.0000 1929.0000 1904.0000 2051.0000 2152.0000 2054.0000 2238.0000 2032.0000 
161.2000 2196.0000 2470.0000 2354.0000 2203.0000 2234.0000 2191.0000 2533.0000 2504.0000 
161.4000 2104.0000 2091.0000 1935.0000 1993.0000 2120.0000 2087.0000 2015.0000 2089.0000 
161.6000 2400.0000 2217.0000 2205.0000 2173.0000 2350.0000 2280.0000 2524.0000 2524.0000 
161.8000 2056.0000 1961.0000 1928.0000 2012.0000 2177.0000 2101.0000 2244.0000 1939.0000 
162.0000 2239.0000 2349.0000 2259.0000 1946.0000 2214.0000 2262.0000 2429.0000 2332.0000 
162.2000 1950.0000 1919.0000 2009.0000 1987.0000 2198.0000 2080.0000 2219.0000 2043.0000 
162.4000 2273.0000 2312.0000 1977.0000 2112.0000 2351.0000 2143.0000 2508.0000 2160.0000 
162.6000 2091.0000 2059.0000 2122.0000 2059.0000 2213.0000 2032.0000 2170.0000 2080.0000 
162.8000 2267.0000 2267.0000 2160.0000 2186.0000 2233.0000 2379.0000 2275.0000 2341.0000 
163.0000 1991.0000 2096.0000 1803.0000 1872.0000 1991.0000 1900.0000 2156.0000 2058.0000 
163.2000 2241.0000 2321.0000 2120.0000 2237.0000 2263.0000 2254.0000 2311.0000 2348.0000 
163.4000 2065.0000 2036.0000 1994.0000 2025.0000 2066.0000 2013.0000 2347.0000 2018.0000 
163.6000 2265.0000 2231.0000 2245.0000 2218.0000 2064.0000 2198.0000 2349.0000 2385.0000 
163.8000 2062.0000 1954.0000 1919.0000 2063.0000 2088.0000 1980.0000 2018.0000 2043.0000 
164.0000 2373.0000 2262.0000 2225.0000 2159.0000 2257.0000 2210.0000 2459.0000 2325.0000 
164.2000 2090.0000 2006.0000 1970.0000 1906.0000 2093.0000 1931.0000 2050.0000 2297.0000 
164.4000 2334.0000 2299.0000 2216.0000 2312.0000 2284.0000 2257.0000 2400.0000 2392.0000 
164.6000 2138.0000 2045.0000 2084.0000 2001.0000 1880.0000 1955.0000 2078.0000 1975.0000 
164.8000 2366.0000 2153.0000 2204.0000 2138.0000 2279.0000 2198.0000 2542.0000 2359.0000 
165.0000 2068.0000 2016.0000 1925.0000 2004.0000 2024.0000 2197.0000 2067.0000 2230.0000 
165.2000 2327.0000 2249.0000 1968.0000 2477.0000 2267.0000 2297.0000 2426.0000 2325.0000 
165.4000 2142.0000 2106.0000 2155.0000 1994.0000 2172.0000 2071.0000 2146.0000 2022.0000 
165.6000 2186.0000 2240.0000 2187.0000 2216.0000 2385.0000 2213.0000 2471.0000 2334.0000 
165.8000 2131.0000 2027.0000 1937.0000 2038.0000 2202.0000 2023.0000 2260.0000 2164.0000 
166.0000 2234.0000 2201.0000 2206.0000 2274.0000 2190.0000 2159.0000 2485.0000 2176.0000 
166.2000 2161.0000 1974.0000 1938.0000 1922.0000 2125.0000 1961.0000 2119.0000 2158.0000 
166.4000 2257.0000 2166.0000 2233.0000 2145.0000 2292.0000 2245.0000 2373.0000 2260.0000 
166.6000 2038.0000 2112.0000 1942.0000 2066.0000 2050.0000 2110.0000 2166.0000 2036.0000 
166.8000 2199.0000 2322.0000 2238.0000 2110.0000 2406.0000 2221.0000 2368.0000 2355.0000 
167.0000 2072.0000 2156.0000 1976.0000 2038.0000 2148.0000 2005.0000 2334.0000 2059.0000 
167.2000 2175.0000 2202.0000 2057.0000 2107.0000 2278.0000 2131.0000 2360.0000 2344.0000 
167.4000 2046.0000 2078.0000 2027.0000 1835.0000 1967.0000 2000.0000 2058.0000 2251.0000 
167.6000 2126.0000 2237.0000 2314.0000 2034.0000 2218.0000 2278.0000 2357.0000 2197.0000 
167.8000 2156.0000 2094.0000 1953.0000 1962.0000 2073.0000 2009.0000 2094.0000 2136.0000 
168.0000 2476.0000 2213.0000 2340.0000 2197.0000 2181.0000 2454.0000 2578.0000 2394.0000 
168.2000 2157.0000 2056.0000 2030.0000 2100.0000 2339.0000 2058.0000 2225.0000 2107.0000 
168.4000 2332.0000 2246.0000 2268.0000 2236.0000 2347.0000 2381.0000 2439.0000 2230.0000 
168.6000 2215.0000 2149.0000 1905.0000 1963.0000 2134.0000 1967.0000 2166.0000 2078.0000 
168.8000 2292.0000 2329.0000 2270.0000 2204.0000 2166.0000 2216.0000 2437.0000 2321.0000 
169.0000 2101.0000 2147.0000 2025.0000 2103.0000 2112.0000 2066.0000 2355.0000 2054.0000 
169.2000 2412.0000 2231.0000 2220.0000 2156.0000 2209.0000 2347.0000 2481.0000 2231.0000 
169.4000 2174.0000 2059.0000 1894.0000 2080.0000 1977.0000 1956.0000 2195.0000 2108.0000 
169.6000 2281.0000 2309.0000 2291.0000 2317.0000 2311.0000 2208.0000 2481.0000 2180.0000 
169.8000 2104.0000 2022.0000 2103.0000 1923.0000 2132.0000 1895.0000 2106.0000 2111.0000 
170.0000 2270.0000 2387.0000 2167.0000 2165.0000 2235.0000 2090.0000 2413.0000 2380.0000 
170.2000 2134.0000 2039.0000 2008.0000 2051.0000 1999.0000 2018.0000 2240.0000 2000.0000 
170.4000 2370.0000 2208.0000 2298.0000 2237.0000 2336.0000 2339.0000 2281.0000 2400.0000 
170.6000 2106.0000 2031.0000 1951.0000 1984.0000 2009.0000 2092.0000 2178.0000 2044.0000 
170.8000 2209.0000 2258.0000 2119.0000 2134.0000 2111.0000 2171.0000 2393.0000 2381.0000 
171.0000 2113.0000 2129.0000 1908.0000 1945.0000 2011.0000 1841.0000 2276.0000 2106.0000 
171.2000 2177.0000 2328.0000 2158.0000 2182.0000 2165.0000 2202.0000 2477.0000 2404.0000 
171.4000 2121.0000 2013.0000 1857.0000 2079.0000 2082.0000 2044.0000 2218.0000 2049.0000 
171.6000 2302.0000 2143.0000 2203.0000 2106.0000 2170.0000 2105.0000 2362.0000 2301.0000 
171.8000 2251.0000 2142.0000 1968.0000 1873.0000 2139.0000 2012.0000 2073.0000 2110.0000 
172.0000 2335.0000 2238.0000 2251.0000 2377.0000 2330.0000 2147.0000 2446.0000 2319.0000 
172.2000 2045.0000 2000.0000 1977.0000 2117.0000 2043.0000 1986.0000 2317.0000 2004.0000 
172.4000 2284.0000 2251.0000 2166.0000 2309.0000 2273.0000 2153.0000 2313.0000 2264.0000 
172.6000 2033.0000 2058.0000 1964.0000 1884.0000 2069.0000 1870.0000 2127.0000 1967.0000 
172.8000 2186.0000 2306.0000 2242.0000 2172.0000 2360.0000 2318.0000 2485.0000 2200.0000 
173.0000 1961.0000 2136.0000 2059.0000 1990.0000 2143.0000 2120.0000 2130.0000 2096.0000 
173.2000 2301.0000 2201.0000 2225.0000 2168.0000 2516.0000 2134.0000 2308.0000 2185.0000 
173.4000 2194.0000 2079.0000 2092.0000 1987.0000 1909.0000 1949.0000 2085.0000 1971.0000 
173.6000 2165.0000 2192.0000 2119.0000 2236.0000 2274.0000 2204.0000 2456.0000 2429.0000 
173.8000 2029.0000 2066.0000 1996.0000 1836.0000 1890.0000 1935.0000 2125.0000 2073.0000 
174.0000 2183.0000 2321.0000 2227.0000 2088.0000 2281.0000 2260.0000 2416.0000 2223.0000 
174.2000 2189.0000 2117.0000 1974.0000 2058.0000 2183.0000 2096.0000 2195.0000 2004.0000 
174.4000 2268.0000 2326.0000 2311.0000 2355.0000 2351.0000 2214.0000 2560.0000 2384.0000 
174.6000 2168.0000 2221.0000 1854.0000 1990.0000 2192.0000 2156.0000 2198.0000 2109.0000 
174.8000 2359.0000 2174.0000 2189.0000 2298.0000 2298.0000 2052.0000 2335.0000 2357.0000 
175.0000 2077.0000 2178.0000 2070.0000 1944.0000 2065.0000 1927.0000 2334.0000 2051.0000 
175.2000 2438.0000 2300.0000 2140.0000 2054.0000 2443.0000 2309.0000 2312.0000 2458.0000 
175.4000 2112.0000 1989.0000 1993.0000 1950.0000 2044.0000 1903.0000 2089.0000 1973.0000 
175.6000 2223.0000 2183.0000 2193.0000 2136.0000 2328.0000 2104.0000 2341.0000 2370.0000 
175.8000 2098.0000 2054.0000 1846.0000 2093.0000 2040.0000 2039.0000 2209.0000 2076.0000 
176.0000 2116.0000 2133.0000 2190.0000 2254.0000 2119.0000 2130.0000 2338.0000 2241.0000 
176.2000 2142.0000 2179.0000 1933.0000 2085.0000 2053.0000 2147.0000 2115.0000 2065.0000 
176.4000 2171.0000 2126.0000 2153.0000 2159.0000 2280.0000 2259.0000 2365.0000 2282.0000 
176.6000 2147.0000 1992.0000 1908.0000 1941.0000 2044.0000 2045.0000 2179.0000 2280.0000 
176.8000 2232.0000 2396.0000 2173.0000 2129.0000 2385.0000 2262.0000 2423.0000 2155.0000 
177.0000 2262.0000 2040.0000 1907.0000 2075.0000 2085.0000 2045.0000 2140.0000 2133.0000 
177.2000 2410.0000 2170.0000 2146.0000 2131.0000 2231.0000 2262.0000 2555.0000 2238.0000 
177.4000 2180.0000 1995.0000 2000.0000 1942.0000 1978.0000 2053.0000 2176.0000 2001.0000 
177.6000 2257.0000 2371.0000 2295.0000 2224.0000 2393.0000 2383.0000 2404.0000 2364.0000 
177.8000 2056.0000 1993.0000 1973.0000 1915.0000 2250.0000 2109.0000 2004.0000 2174.0000 
178.0000 2167.0000 2165.0000 2156.0000 2168.0000 2298.0000 2349.0000 2426.0000 2391.0000 
178.2000 2137.0000 2183.0000 1869.0000 1891.0000 2036.0000 2012.0000 2159.0000 2134.0000 
178.4000 2323.0000 2316.0000 2197.0000 2129.0000 2378.0000 2337.0000 2414.0000 2280.0000 
178.6000 2120.0000 1937.0000 2055.0000 2043.0000 2186.0000 2116.0000 2093.0000 2045.0000 
178.8000 2230.0000 2260.0000 2191.0000 2250.0000 2284.0000 2369.0000 2468.0000 2283.0000 
179.0000 2179.0000 1913.0000 1887.0000 2025.0000 2038.0000 1966.0000 2206.0000 2032.0000 
179.2000 2166.0000 2287.0000 2228.0000 2182.0000 2300.0000 2096.0000 2391.0000 2241.0000 
179.4000 2197.0000 2009.0000 2002.0000 1916.0000 2123.0000 2049.0000 2210.0000 2116.0000 
179.6000 2387.0000 2304.0000 2238.0000 2147.0000 2311.0000 2202.0000 2453.0000 2234.0000 
179.8000 2098.0000 2124.0000 1867.0000 1852.0000 1960.0000 2043.0000 2154.0000 2055.0000 
180.0000 2300.0000 2193.0000 2132.0000 2082.0000 2328.0000 2241.0000 2493.0000 2330.0000 
180.2000 2097.0000 2121.0000 1860.0000 1976.0000 2094.0000 2042.0000 2173.0000 2120.0000 
180.4000 2307.0000 2324.0000 2218.0000 2098.0000 2238.0000 2189.0000 2354.0000 2364.0000 
180.6000 2138.0000 2109.0000 1908.0000 2004.0000 2126.0000 1982.0000 2423.0000 2139.0000 
180.8000 2423.0000 2534.0000 2193.0000 2401.0000 2503.0000 2267.0000 2531.0000 2345.0000 
181.0000 2154.0000 2094.0000 2012.0000 2050.0000 1957.0000 2123.0000 2232.0000 2146.0000 
181.2000 2264.0000 2205.0000 2190.0000 2269.0000 2286.0000 2230.0000 2260.0000 2495.0000 
181.4000 2312.0000 2101.0000 1929.0000 1939.0000 2080.0000 2060.0000 2176.0000 2147.0000 
181.6000 2289.0000 2231.0000 2281.0000 2239.0000 2411.0000 2353.0000 2512.0000 2221.0000 
181.8000 2198.0000 2026.0000 1941.0000 2013.0000 1931.0000 2134.0000 2020.0000 2073.0000 
182.0000 2297.0000 2271.0000 2226.0000 2203.0000 2359.0000 2307.0000 2547.0000 2439.0000 
182.2000 2063.0000 2178.0000 1812.0000 1900.0000 1948.0000 2072.0000 2190.0000 1998.0000 
182.4000 2365.0000 2164.0000 2267.0000 2281.0000 2272.0000 2149.0000 2463.0000 2397.0000 
182.6000 1912.0000 2087.0000 1968.0000 2056.0000 2020.0000 1973.0000 2119.0000 2164.0000 
182.8000 2367.0000 2269.0000 2098.0000 2146.0000 2373.0000 2207.0000 2437.0000 2385.0000 
183.0000 2211.0000 1940.0000 1985.0000 2045.0000 2071.0000 2055.0000 2149.0000 2142.0000 
183.2000 2184.0000 2324.0000 2311.0000 2343.0000 2203.0000 2213.0000 2318.0000 2223.0000 
183.4000 2085.0000 2042.0000 2025.0000 1981.0000 2159.0000 2023.0000 2170.0000 2101.0000 
183.6000 2232.0000 2322.0000 2188.0000 2136.0000 2223.0000 2163.0000 2339.0000 2304.0000 
183.8000 2236.0000 1944.0000 2109.0000 2000.0000 2029.0000 2098.0000 2166.0000 1969.0000 
184.0000 2314.0000 2251.0000 2153.0000 2256.0000 2186.0000 2106.0000 2413.0000 2306.0000 
184.2000 2284.0000 2085.0000 2134.0000 1968.0000 2157.0000 2072.0000 2152.0000 2029.0000 
184.4000 2173.0000 2358.0000 2166.0000 2188.0000 2273.0000 2219.0000 2510.0000 2328.0000 
184.6000 2230.0000 2009.0000 2065.0000 2017.0000 1983.0000 2036.0000 2206.0000 2096.0000 
184.8000 2224.0000 2320.0000 2111.0000 2194.0000 2218.0000 2266.0000 2448.0000 2167.0000 
185.0000 2154.0000 2068.0000 1877.0000 1912.0000 2033.0000 2053.0000 2092.0000 2080.0000 
185.2000 2363.0000 2095.0000 2087.0000 2299.0000 2197.0000 2181.0000 2466.0000 2204.0000 
185.4000 2212.0000 2188.0000 2025.0000 2020.0000 2063.0000 1932.0000 2171.0000 2012.0000 
185.6000 2313.0000 2321.0000 2144.0000 2153.0000 2270.0000 2167.0000 2359.0000 2281.0000 
185.8000 2112.0000 2012.0000 2110.0000 1936.0000 2033.0000 1937.0000 2294.0000 2068.0000 
186.0000 2289.0000 2354.0000 2171.0000 2281.0000 2385.0000 2126.0000 2508.0000 2274.0000 
186.2000 2194.0000 2091.0000 2006.0000 1956.0000 2110.0000 1958.0000 2171.0000 2060.0000 
186.4000 2248.0000 2188.0000 2184.0000 2234.0000 2374.0000 2256.0000 2477.0000 2352.0000 
186.6000 2191.0000 2172.0000 1974.0000 1964.0000 2125.0000 2078.0000 2220.0000 2050.0000 
186.8000 2281.0000 2312.0000 2065.0000 2166.0000 2194.0000 2378.0000 2367.0000 2304.0000 
187.0000 2083.0000 2188.0000 1981.0000 2125.0000 2156.0000 1918.0000 2169.0000 2011.0000 
187.2000 2443.0000 2335.0000 2338.0000 2330.0000 2320.0000 2404.0000 2535.0000 2455.0000 
187.4000 2186.0000 1948.0000 1998.0000 1945.0000 1979.0000 2060.0000 2199.0000 2191.0000 
187.6000 2165.0000 2422.0000 2094.0000 2103.0000 2279.0000 2260.0000 2344.0000 2246.0000 
187.8000 1986.0000 2051.0000 1947.0000 1882.0000 2058.0000 2074.0000 2234.0000 1969.0000 
188.0000 2258.0000 2252.0000 2156.0000 2308.0000 2259.0000 2209.0000 2347.0000 2332.0000 
188.2000 2154.0000 2117.0000 1947.0000 2013.0000 2201.0000 2070.0000 2235.0000 2217.0000 
188.4000 2336.0000 2284.0000 2217.0000 2238.0000 2423.0000 2280.0000 2501.0000 2437.0000 
188.6000 2266.0000 2112.0000 1891.0000 1912.0000 2071.0000 2109.0000 2056.0000 1950.0000 
188.8000 2357.0000 2187.0000 2216.0000 2246.0000 2390.0000 2199.0000 2405.0000 2259.0000 
189.0000 2100.0000 1922.0000 2033.0000 1997.0000 2117.0000 1936.0000 2257.0000 2174.0000 
189.2000 2309.0000 2358.0000 2262.0000 2272.0000 2243.0000 2096.0000 2358.0000 2354.0000 
189.4000 2058.0000 2011.0000 1950.0000 1954.0000 2133.0000 1995.0000 2296.0000 2103.0000 
189.6000 2159.0000 2369.0000 2128.0000 2234.0000 2316.0000 2410.0000 2533.0000 2323.0000 
189.8000 2190.0000 1954.0000 1867.0000 2174.0000 1971.0000 1908.0000 2315.0000 2015.0000 
190.0000 2218.0000 2242.0000 2050.0000 2190.0000 2175.0000 2256.0000 2360.0000 2285.0000 
190.2000 2160.0000 1995.0000 1955.0000 1966.0000 2097.0000 1980.0000 2171.0000 2102.0000 
190.4000 2254.0000 2164.0000 2273.0000 2200.0000 2141.0000 2090.0000 2343.0000 2205.0000 
190.6000 2270.0000 2047.0000 1993.0000 2134.0000 2184.0000 1978.0000 2205.0000 2099.0000 
190.8000 2362.0000 2392.0000 2169.0000 2072.0000 2237.0000 2266.0000 2396.0000 2381.0000 
191.0000 2444.0000 2297.0000 2195.0000 2437.0000 2268.0000 2232.0000 2442.0000 2274.0000 
191.2000 2665.0000 2627.0000 2513.0000 2544.0000 2624.0000 2552.0000 2702.0000 2708.0000 
191.4000 2476.0000 2377.0000 2180.0000 2330.0000 2441.0000 2189.0000 2576.0000 2294.0000 
191.6000 2534.0000 2429.0000 2428.0000 2478.0000 2515.0000 2641.0000 2660.0000 2777.0000 
191.8000 2353.0000 2319.0000 2156.0000 2036.0000 2355.0000 2277.0000 2439.0000 2477.0000 
192.0000 2621.0000 2578.0000 2490.0000 2579.0000 2611.0000 2555.0000 2664.0000 2606.0000 
192.2000 2112.0000 2136.0000 1939.0000 1852.0000 2041.0000 2018.0000 2091.0000 2001.0000 
192.4000 2283.0000 2084.0000 2134.0000 2093.0000 2220.0000 2328.0000 2517.0000 2333.0000 
192.6000 2192.0000 1940.0000 1971.0000 2129.0000 2100.0000 2114.0000 2058.0000 2113.0000 
192.8000 2492.0000 2388.0000 2126.0000 2437.0000 2398.0000 2308.0000 2438.0000 2410.0000 
193.0000 2155.0000 2116.0000 2137.0000 1962.0000 2174.0000 2001.0000 2150.0000 2187.0000 
193.2000 2313.0000 2256.0000 2262.0000 2178.0000 2378.0000 2289.0000 2395.0000 2391.0000 
193.4000 2122.0000 2097.0000 1934.0000 1987.0000 2112.0000 1830.0000 2189.0000 2146.0000 
193.6000 2312.0000 2321.0000 2263.0000 2223.0000 2268.0000 2312.0000 2493.0000 2482.0000 
193.8000 2374.0000 2436.0000 2135.0000 2087.0000 2267.0000 2390.0000 2326.0000 2294.0000 
194.0000 2182.0000 2391.0000 2210.0000 2323.0000 2414.0000 2248.0000 2409.0000 2330.0000 
194.2000 2377.0000 2336.0000 2243.0000 2282.0000 2292.0000 2277.0000 2492.0000 2437.0000 
194.4000 2336.0000 2355.0000 2168.0000 2193.0000 2444.0000 2258.0000 2500.0000 2389.0000 
194.6000 2350.0000 2345.0000 2138.0000 2124.0000 2338.0000 2348.0000 2413.0000 2265.0000 
194.8000 2360.0000 2161.0000 2248.0000 2330.0000 2442.0000 2330.0000 2368.0000 2399.0000 
195.0000 2283.0000 2318.0000 2229.0000 2191.0000 2368.0000 2243.0000 2320.0000 2300.0000 
195.2000 2360.0000 2362.0000 2323.0000 2228.0000 2506.0000 2308.0000 2392.0000 2385.0000 
195.4000 2443.0000 2279.0000 2334.0000 2309.0000 2270.0000 2289.0000 2518.0000 2288.0000 
195.6000 2427.0000 2253.0000 2301.0000 2248.0000 2396.0000 2382.0000 2543.0000 2339.0000 
195.8000 2393.0000 2386.0000 2309.0000 2233.0000 2392.0000 2387.0000 2512.0000 2408.0000 
196.0000 2267.0000 2327.0000 2221.0000 2257.0000 2412.0000 2333.0000 2570.0000 2451.0000 
196.2000 2408.0000 2357.0000 2264.0000 2290.0000 2304.0000 2295.0000 2317.0000 2279.0000 
196.4000 2270.0000 2331.0000 2173.0000 2288.0000 2361.0000 2253.0000 2375.0000 2445.0000 
196.6000 2383.0000 2332.0000 2169.0000 2052.0000 2361.0000 2347.0000 2422.0000 2322.0000 
196.8000 2399.0000 2341.0000 2171.0000 2177.0000 2334.0000 2273.0000 2412.0000 2338.0000 
197.0000 2379.0000 2420.0000 2283.0000 2173.0000 2241.0000 2225.0000 2463.0000 2384.0000 
197.2000 2316.0000 2339.0000 2222.0000 2164.0000 2475.0000 2289.0000 2412.0000 2258.0000 
197.4000 2350.0000 2260.0000 2256.0000 2276.0000 2443.0000 2056.0000 2502.0000 2389.0000 
197.6000 2387.0000 2320.0000 2240.0000 2336.0000 2300.0000 2397.0000 2463.0000 2310.0000 
197.8000 2309.0000 2278.0000 2350.0000 2191.0000 2224.0000 2120.0000 2486.0000 2347.0000 
198.0000 2378.0000 2172.0000 2231.0000 2160.0000 2281.0000 2337.0000 2374.0000 2252.0000 
198.2000 2237.0000 2377.0000 2268.0000 2103.0000 2288.0000 2166.0000 2404.0000 2407.0000 
198.4000 2462.0000 2311.0000 2162.0000 2196.0000 2254.0000 2264.0000 2503.0000 2324.0000 
198.6000 2323.0000 2239.0000 2289.0000 2170.0000 2432.0000 2303.0000 2409.0000 2265.0000 
198.8000 2218.0000 2277.0000 2253.0000 2287.0000 2184.0000 2290.0000 2479.0000 2409.0000 
199.0000 2350.0000 2474.0000 2207.0000 2281.0000 2232.0000 2316.0000 2284.0000 2382.0000 
199.2000 2264.0000 2263.0000 2296.0000 2246.0000 2380.0000 2182.0000 2340.0000 2436.0000 
199.4000 2390.0000 2361.0000 2217.0000 2214.0000 2177.0000 2279.0000 2452.0000 2369.0000 
199.6000 2567.0000 2224.0000 2187.0000 2218.0000 2316.0000 2221.0000 2453.0000 2566.0000 
199.8000 2394.0000 2484.0000 2228.0000 2241.0000 2424.0000 2212.0000 2529.0000 2271.0000 
200.0000 2295.0000 2358.0000 2401.0000 2180.0000 2228.0000 2182.0000 2468.0000 2372.0000 
200.2000 2407.0000 2152.0000 2221.0000 2119.0000 2469.0000 2263.0000 2467.0000 2524.0000 
200.4000 2309.0000 2230.0000 2271.0000 2078.0000 2380.0000 2429.0000 2488.0000 2347.0000 
200.6000 2434.0000 2307.0000 2258.0000 2288.0000 2404.0000 2313.0000 2272.0000 2357.0000 
200.8000 2435.0000 2251.0000 2067.0000 2137.0000 2306.0000 2295.0000 2501.0000 2455.0000 
201.0000 2435.0000 2225.0000 2215.0000 2158.0000 2167.0000 2402.0000 2552.0000 2291.0000 
201.2000 2501.0000 2290.0000 2181.0000 2354.0000 2311.0000 2366.0000 2524.0000 2277.0000 
201.4000 2445.0000 2230.0000 2331.0000 2216.0000 2339.0000 2388.0000 2482.0000 2289.0000 
201.6000 2340.0000 2180.0000 2227.0000 2455.0000 2167.0000 2254.0000 2515.0000 2489.0000 
201.8000 2408.0000 2243.0000 2270.0000 2153.0000 2188.0000 2260.0000 2484.0000 2389.0000 
202.0000 2292.0000 2280.0000 2207.0000 2167.0000 2317.0000 2231.0000 2367.0000 2361.0000 
202.2000 2521.0000 2297.0000 2277.0000 2231.0000 2339.0000 2338.0000 2402.0000 2310.0000 
202.4000 2533.0000 2203.0000 2317.0000 2247.0000 2336.0000 2230.0000 2518.0000 2455.0000 
202.6000 2312.0000 2341.0000 2320.0000 2247.0000 2251.0000 2148.0000 2367.0000 2386.0000 
202.8000 2340.0000 2417.0000 2028.0000 2129.0000 2192.0000 2189.0000 2324.0000 2441.0000 
203.0000 2264.0000 2263.0000 2274.0000 2280.0000 2212.0000 2267.0000 2457.0000 2369.0000 
203.2000 2315.0000 2241.0000 2213.0000 2080.0000 2160.0000 2361.0000 2476.0000 2403.0000 
203.4000 2370.0000 2158.0000 2290.0000 2059.0000 2216.0000 2284.0000 2193.0000 2207.0000 
203.6000 2228.0000 2226.0000 2234.0000 2189.0000 2070.0000 2141.0000 2313.0000 2144.0000 
203.8000 2071.0000 2048.0000 2039.0000 1997.0000 2208.0000 2070.0000 2137.0000 2193.0000 
204.0000 1940.0000 2026.0000 1876.0000 2016.0000 2166.0000 2178.0000 1991.0000 2171.0000 
204.2000 1982.0000 2046.0000 1994.0000 2053.0000 1963.0000 1977.0000 2258.0000 2052.0000 
204.4000 1972.0000 1885.0000 1987.0000 2106.0000 2048.0000 1919.0000 2189.0000 2028.0000 
204.6000 2237.0000 1977.0000 2178.0000 2059.0000 2159.0000 2107.0000 2179.0000 2213.0000 


