0.0000 10186.0000 9967.0000 9878.0000 10081.0000 10038.0000 10035.0000 10204.0000 10050.0000 0 us
0.2000 9840.0000 9736.0000 9881.0000 9712.0000 9844.0000 9933.0000 9864.0000 9791.0000 
0.4000 10020.0000 9856.0000 9863.0000 9985.0000 9989.0000 10008.0000 10142.0000 10065.0000 
0.6000 9927.0000 9867.0000 9605.0000 9788.0000 9899.0000 9766.0000 10030.0000 9673.0000 
0.8000 9838.0000 10006.0000 9952.0000 10032.0000 10084.0000 9923.0000 10150.0000 10087.0000 
1.0000 9847.0000 9765.0000 9655.0000 9749.0000 9900.0000 9625.0000 9776.0000 9717.0000 
1.2000 10114.0000 9984.0000 10102.0000 9867.0000 10187.0000 9927.0000 10134.0000 10047.0000 
1.4000 9820.0000 9703.0000 9879.0000 9688.0000 9926.0000 9753.0000 9887.0000 9822.0000 
1.6000 10069.0000 9981.0000 10028.0000 9907.0000 9999.0000 10054.0000 10106.0000 10047.0000 
1.8000 9890.0000 9717.0000 9744.0000 9727.0000 9798.0000 9702.0000 10024.0000 9848.0000 
2.0000 10234.0000 9932.0000 10032.0000 9927.0000 10090.0000 10020.0000 10220.0000 10184.0000 
2.2000 9956.0000 9884.0000 9637.0000 9675.0000 9734.0000 9920.0000 9844.0000 9860.0000 
2.4000 10084.0000 10109.0000 9936.0000 9907.0000 10002.0000 10079.0000 10066.0000 9995.0000 
2.6000 9841.0000 9903.0000 9766.0000 9796.0000 9920.0000 9777.0000 9857.0000 9847.0000 
2.8000 10136.0000 10052.0000 9902.0000 10014.0000 9977.0000 9927.0000 10060.0000 9930.0000 
3.0000 9860.0000 9898.0000 9884.0000 9596.0000 9869.0000 9680.0000 9948.0000 9786.0000 
3.2000 10118.0000 9989.0000 10014.0000 10014.0000 9984.0000 10016.0000 10140.0000 10126.0000 
3.4000 9873.0000 9724.0000 9749.0000 9704.0000 9884.0000 9652.0000 9931.0000 9885.0000 
3.6000 10151.0000 10034.0000 9951.0000 9973.0000 10118.0000 9875.0000 9993.0000 9803.0000 
3.8000 9665.0000 9723.0000 9921.0000 9733.0000 9856.0000 9742.0000 9887.0000 9759.0000 
4.0000 9923.0000 9944.0000 9822.0000 9834.0000 10029.0000 10062.0000 10198.0000 10060.0000 
4.2000 10087.0000 9749.0000 9821.0000 9619.0000 9752.0000 9647.0000 9789.0000 9974.0000 
4.4000 10205.0000 10146.0000 9927.0000 9902.0000 10140.0000 9909.0000 10150.0000 9896.0000 
4.6000 9946.0000 9902.0000 9888.0000 9704.0000 9866.0000 9669.0000 9873.0000 9697.0000 
4.8000 10011.0000 9970.0000 9962.0000 9851.0000 9910.0000 10018.0000 10114.0000 10037.0000 
5.0000 9806.0000 9671.0000 9645.0000 9686.0000 9655.0000 9878.0000 9853.0000 9701.0000 
5.2000 10016.0000 9800.0000 9829.0000 9810.0000 10097.0000 9948.0000 10215.0000 10052.0000 
5.4000 9783.0000 9814.0000 9800.0000 9818.0000 9829.0000 9876.0000 9866.0000 9927.0000 
5.6000 9959.0000 9792.0000 9969.0000 9955.0000 10017.0000 10013.0000 10124.0000 10058.0000 
5.8000 9897.0000 9902.0000 9778.0000 9844.0000 9825.0000 9728.0000 9861.0000 9769.0000 
6.0000 9978.0000 10052.0000 10087.0000 9920.0000 9966.0000 10066.0000 10087.0000 10056.0000 
6.2000 9911.0000 9935.0000 9860.0000 9761.0000 9718.0000 9846.0000 10029.0000 9826.0000 
6.4000 10227.0000 9856.0000 9919.0000 9919.0000 10090.0000 10074.0000 10167.0000 10131.0000 
6.6000 9996.0000 9742.0000 9539.0000 9681.0000 9738.0000 9747.0000 9952.0000 9939.0000 
6.8000 10294.0000 9971.0000 9933.0000 9864.0000 9986.0000 9928.0000 10137.0000 9957.0000 
7.0000 10023.0000 9875.0000 9646.0000 9809.0000 9771.0000 9686.0000 9867.0000 9895.0000 
7.2000 10065.0000 9880.0000 9995.0000 10023.0000 9885.0000 10028.0000 10120.0000 10159.0000 
7.4000 10018.0000 9765.0000 9869.0000 9885.0000 9964.0000 9654.0000 9871.0000 9740.0000 
7.6000 10096.0000 10106.0000 9799.0000 9819.0000 10211.0000 9903.0000 10060.0000 9979.0000 
7.8000 9689.0000 10038.0000 9688.0000 9775.0000 9915.0000 9774.0000 9745.0000 9685.0000 
8.0000 10066.0000 9956.0000 9826.0000 9800.0000 10192.0000 9889.0000 10008.0000 10104.0000 
8.2000 9795.0000 9776.0000 9666.0000 9692.0000 9993.0000 9735.0000 9935.0000 9907.0000 
8.4000 10020.0000 10020.0000 9946.0000 9933.0000 10082.0000 10180.0000 10125.0000 9881.0000 
8.6000 9958.0000 9902.0000 9696.0000 9877.0000 9970.0000 9732.0000 9938.0000 9887.0000 
8.8000 10149.0000 9952.0000 10047.0000 10078.0000 9894.0000 9944.0000 10013.0000 9947.0000 
9.0000 9894.0000 9762.0000 9838.0000 9782.0000 9887.0000 9711.0000 9907.0000 9806.0000 
9.2000 10116.0000 10185.0000 9990.0000 9968.0000 10151.0000 9938.0000 10174.0000 10022.0000 
9.4000 9852.0000 9706.0000 9739.0000 9736.0000 9679.0000 9701.0000 10003.0000 9831.0000 
9.6000 10087.0000 9955.0000 9884.0000 10018.0000 9840.0000 10070.0000 10107.0000 10007.0000 
9.8000 9995.0000 9755.0000 9835.0000 9741.0000 9708.0000 9795.0000 9930.0000 9878.0000 
10.0000 10115.0000 10137.0000 10046.0000 9926.0000 10065.0000 9863.0000 9982.0000 10102.0000 
10.2000 9897.0000 9817.0000 9687.0000 9673.0000 9921.0000 9856.0000 9849.0000 9726.0000 
10.4000 10014.0000 9922.0000 10039.0000 9939.0000 10010.0000 9941.0000 9894.0000 9931.0000 
10.6000 9933.0000 9791.0000 9729.0000 9687.0000 9878.0000 9819.0000 9997.0000 9804.0000 
10.8000 10160.0000 9923.0000 9937.0000 9968.0000 10128.0000 9894.0000 10212.0000 10031.0000 
11.0000 9766.0000 9773.0000 9720.0000 9641.0000 9790.0000 9793.0000 9784.0000 9831.0000 
11.2000 10006.0000 10254.0000 10049.0000 10070.0000 10187.0000 10123.0000 9986.0000 9966.0000 
11.4000 9833.0000 9844.0000 9739.0000 9859.0000 9752.0000 9727.0000 9915.0000 9822.0000 
11.6000 10087.0000 10025.0000 9885.0000 9930.0000 9904.0000 10127.0000 10120.0000 9998.0000 
11.8000 9789.0000 9673.0000 9784.0000 9761.0000 9821.0000 9808.0000 9851.0000 9804.0000 
12.0000 10024.0000 10131.0000 9800.0000 9910.0000 9832.0000 9929.0000 10118.0000 10074.0000 
12.2000 9898.0000 9886.0000 9807.0000 9750.0000 9887.0000 9721.0000 9908.0000 9690.0000 
12.4000 10222.0000 9996.0000 9929.0000 9871.0000 9992.0000 10002.0000 10171.0000 10018.0000 
12.6000 9813.0000 9770.0000 9772.0000 9710.0000 9680.0000 9681.0000 9824.0000 9715.0000 
12.8000 9976.0000 9972.0000 9732.0000 10021.0000 9975.0000 9953.0000 10099.0000 10048.0000 
13.0000 9938.0000 9835.0000 9816.0000 9827.0000 9751.0000 9816.0000 9907.0000 9753.0000 
13.2000 10107.0000 10142.0000 9984.0000 10032.0000 10057.0000 9985.0000 10130.0000 10016.0000 
13.4000 10020.0000 9894.0000 9765.0000 9774.0000 9836.0000 9809.0000 9883.0000 9768.0000 
13.6000 10040.0000 9930.0000 9946.0000 10005.0000 9907.0000 10140.0000 10049.0000 10162.0000 
13.8000 10015.0000 9748.0000 9795.0000 9697.0000 9831.0000 9789.0000 9855.0000 9809.0000 
14.0000 9978.0000 10204.0000 10085.0000 9860.0000 10182.0000 9943.0000 10054.0000 10036.0000 
14.2000 9947.0000 9942.0000 9731.0000 9753.0000 9707.0000 9900.0000 9857.0000 9853.0000 
14.4000 10126.0000 10109.0000 9791.0000 9843.0000 9914.0000 9861.0000 9946.0000 9978.0000 
14.6000 9944.0000 9827.0000 9757.0000 9856.0000 9811.0000 9646.0000 9813.0000 9784.0000 
14.8000 10192.0000 9967.0000 10021.0000 9950.0000 10161.0000 9922.0000 10087.0000 10036.0000 
15.0000 10020.0000 9749.0000 9797.0000 9814.0000 9903.0000 9881.0000 9738.0000 9795.0000 
15.2000 10088.0000 9951.0000 9911.0000 9818.0000 10015.0000 9891.0000 10020.0000 9848.0000 
15.4000 9836.0000 9732.0000 9808.0000 9672.0000 9748.0000 9884.0000 9859.0000 9781.0000 
15.6000 10050.0000 10103.0000 9868.0000 9963.0000 10120.0000 10092.0000 10171.0000 10075.0000 
15.8000 10080.0000 9795.0000 9803.0000 9649.0000 9798.0000 9746.0000 9853.0000 9753.0000 
16.0000 10023.0000 10031.0000 9878.0000 9956.0000 10080.0000 9989.0000 10138.0000 9979.0000 
16.2000 9769.0000 9797.0000 9822.0000 9645.0000 9792.0000 9803.0000 9843.0000 9910.0000 
16.4000 10097.0000 10001.0000 9817.0000 9911.0000 9976.0000 9840.0000 10062.0000 10098.0000 
16.6000 10201.0000 10065.0000 9906.0000 10103.0000 9884.0000 10061.0000 9922.0000 10079.0000 
16.8000 10408.0000 10223.0000 10215.0000 10108.0000 10215.0000 10152.0000 10257.0000 10083.0000 
17.0000 9959.0000 9864.0000 9795.0000 9749.0000 9731.0000 9759.0000 9826.0000 9723.0000 
17.2000 10093.0000 10119.0000 9968.0000 10118.0000 10031.0000 9938.0000 10129.0000 10067.0000 
17.4000 9883.0000 9818.0000 9748.0000 9711.0000 9831.0000 9810.0000 9847.0000 9907.0000 
17.6000 10167.0000 10019.0000 9902.0000 10038.0000 9976.0000 10085.0000 10072.0000 10093.0000 
17.8000 10069.0000 9790.0000 9833.0000 9869.0000 9714.0000 9794.0000 9877.0000 9850.0000 
18.0000 9930.0000 9989.0000 9882.0000 9911.0000 10176.0000 9851.0000 10087.0000 10005.0000 
18.2000 10017.0000 9736.0000 9864.0000 9792.0000 9854.0000 9787.0000 9642.0000 9854.0000 
18.4000 10058.0000 9886.0000 9881.0000 9838.0000 9955.0000 9865.0000 9959.0000 10094.0000 
18.6000 9992.0000 9777.0000 9781.0000 9739.0000 9952.0000 9883.0000 9915.0000 9769.0000 
18.8000 10104.0000 9856.0000 9996.0000 9888.0000 10034.0000 9977.0000 10040.0000 9973.0000 
19.0000 9883.0000 9695.0000 9734.0000 9631.0000 9969.0000 9860.0000 9974.0000 9831.0000 
19.2000 10051.0000 9921.0000 9834.0000 9894.0000 9911.0000 9997.0000 10080.0000 9970.0000 
19.4000 9901.0000 9805.0000 9675.0000 9741.0000 9846.0000 9710.0000 9933.0000 9771.0000 
19.6000 10182.0000 9992.0000 9927.0000 9885.0000 9999.0000 10022.0000 10100.0000 10052.0000 
19.8000 10068.0000 9837.0000 9788.0000 9660.0000 9894.0000 9828.0000 9916.0000 9784.0000 
20.0000 10103.0000 10000.0000 9960.0000 9803.0000 10089.0000 9946.0000 10071.0000 10153.0000 
20.2000 9725.0000 9851.0000 9754.0000 9758.0000 9847.0000 9734.0000 9955.0000 9681.0000 
20.4000 10203.0000 9982.0000 9975.0000 10048.0000 9973.0000 10079.0000 10123.0000 10056.0000 
20.6000 9709.0000 9809.0000 9814.0000 9764.0000 9855.0000 9715.0000 9980.0000 9874.0000 
20.8000 10144.0000 10079.0000 9923.0000 10024.0000 9971.0000 10032.0000 10159.0000 9872.0000 
21.0000 9863.0000 9829.0000 9796.0000 9883.0000 9761.0000 9796.0000 9795.0000 9779.0000 
21.2000 10064.0000 9916.0000 10040.0000 9943.0000 9980.0000 10024.0000 10039.0000 9843.0000 
21.4000 9985.0000 9948.0000 9798.0000 9754.0000 9794.0000 9710.0000 9822.0000 9763.0000 
21.6000 9980.0000 10173.0000 9988.0000 9858.0000 9960.0000 9956.0000 9978.0000 10175.0000 
21.8000 10007.0000 9858.0000 9748.0000 9860.0000 9894.0000 9707.0000 9982.0000 9818.0000 
22.0000 10045.0000 9997.0000 9990.0000 9853.0000 9996.0000 10190.0000 9974.0000 10049.0000 
22.2000 9868.0000 9793.0000 9795.0000 9730.0000 9750.0000 9781.0000 9891.0000 9906.0000 
22.4000 10078.0000 9931.0000 10001.0000 9868.0000 10188.0000 10002.0000 10100.0000 9983.0000 
22.6000 9876.0000 9783.0000 9683.0000 9689.0000 9937.0000 9782.0000 9807.0000 9828.0000 
22.8000 10024.0000 10075.0000 9899.0000 9979.0000 10275.0000 10188.0000 9986.0000 10153.0000 
23.0000 9794.0000 9907.0000 9764.0000 9750.0000 9849.0000 9721.0000 9759.0000 9835.0000 
23.2000 10120.0000 10103.0000 9940.0000 9883.0000 9865.0000 9910.0000 9970.0000 9951.0000 
23.4000 9824.0000 9946.0000 9721.0000 9833.0000 9878.0000 9562.0000 9847.0000 9817.0000 
23.6000 10167.0000 10162.0000 9910.0000 10002.0000 9947.0000 10238.0000 10178.0000 10039.0000 
23.8000 9846.0000 9807.0000 9748.0000 9817.0000 9875.0000 9859.0000 9907.0000 9904.0000 
24.0000 10111.0000 10075.0000 9948.0000 9891.0000 9979.0000 9970.0000 10040.0000 10066.0000 
24.2000 9974.0000 9867.0000 9851.0000 9832.0000 9997.0000 9654.0000 9873.0000 9899.0000 
24.4000 10010.0000 9892.0000 9979.0000 9883.0000 9989.0000 10108.0000 10123.0000 10137.0000 
24.6000 9763.0000 9921.0000 9769.0000 9649.0000 9902.0000 9786.0000 9922.0000 9846.0000 
24.8000 10150.0000 10073.0000 9946.0000 9967.0000 9967.0000 9906.0000 10073.0000 10160.0000 
25.0000 9873.0000 9766.0000 9665.0000 9885.0000 9791.0000 9728.0000 9813.0000 9813.0000 
25.2000 10074.0000 10077.0000 9926.0000 10094.0000 10078.0000 9969.0000 10052.0000 9986.0000 
25.4000 10029.0000 9902.0000 9684.0000 9691.0000 9817.0000 9729.0000 9832.0000 9869.0000 
25.6000 10180.0000 10065.0000 9979.0000 9939.0000 9886.0000 9900.0000 10062.0000 10026.0000 
25.8000 9896.0000 9867.0000 9739.0000 9879.0000 9849.0000 9848.0000 9849.0000 9896.0000 
26.0000 10073.0000 9927.0000 10003.0000 9865.0000 9971.0000 10005.0000 9988.0000 10013.0000 
26.2000 9864.0000 9835.0000 9789.0000 9802.0000 9861.0000 9785.0000 10056.0000 9833.0000 
26.4000 10026.0000 9867.0000 9940.0000 9758.0000 9941.0000 9826.0000 10016.0000 10037.0000 
26.6000 9963.0000 9808.0000 9772.0000 9662.0000 9870.0000 9866.0000 9850.0000 9811.0000 
26.8000 9966.0000 10008.0000 9827.0000 9914.0000 9985.0000 9863.0000 10084.0000 10101.0000 
27.0000 9969.0000 9715.0000 9763.0000 9746.0000 9836.0000 9716.0000 9785.0000 9883.0000 
27.2000 10074.0000 10038.0000 9824.0000 9877.0000 10136.0000 9941.0000 10091.0000 9945.0000 
27.4000 9797.0000 9714.0000 9752.0000 9800.0000 9818.0000 9773.0000 9844.0000 9832.0000 
27.6000 10163.0000 9978.0000 10080.0000 9982.0000 10067.0000 9965.0000 9957.0000 10095.0000 
27.8000 9920.0000 9787.0000 9769.0000 9825.0000 9740.0000 9839.0000 9930.0000 9926.0000 
28.0000 10120.0000 9977.0000 9989.0000 9984.0000 10054.0000 9941.0000 9953.0000 10010.0000 
28.2000 10096.0000 9861.0000 9796.0000 9776.0000 9814.0000 9841.0000 9896.0000 9947.0000 
28.4000 10045.0000 9955.0000 9844.0000 9855.0000 9939.0000 9988.0000 9962.0000 10016.0000 
28.6000 9912.0000 9775.0000 9665.0000 9789.0000 9821.0000 9800.0000 9844.0000 9713.0000 
28.8000 10085.0000 9976.0000 9924.0000 9917.0000 9995.0000 10072.0000 9959.0000 10004.0000 
29.0000 10083.0000 9645.0000 9864.0000 9805.0000 9713.0000 9609.0000 9990.0000 9908.0000 
29.2000 10127.0000 9926.0000 9911.0000 9946.0000 10071.0000 10014.0000 10042.0000 10076.0000 
29.4000 10103.0000 9725.0000 9778.0000 9822.0000 9843.0000 9946.0000 9973.0000 9893.0000 
29.6000 10039.0000 9928.0000 9945.0000 9896.0000 9893.0000 9807.0000 10041.0000 10104.0000 
29.8000 9956.0000 9753.0000 9717.0000 9746.0000 9658.0000 9689.0000 9936.0000 9917.0000 
30.0000 10171.0000 9991.0000 9908.0000 10115.0000 10115.0000 9912.0000 10022.0000 10095.0000 
30.2000 9979.0000 9835.0000 9917.0000 9949.0000 9929.0000 9783.0000 9938.0000 9873.0000 
30.4000 10032.0000 10089.0000 9935.0000 10067.0000 10109.0000 10052.0000 9992.0000 10055.0000 
30.6000 9869.0000 9698.0000 9664.0000 9757.0000 9802.0000 9828.0000 9880.0000 9787.0000 
30.8000 10055.0000 9962.0000 10035.0000 9967.0000 9872.0000 10107.0000 10091.0000 10092.0000 
31.0000 9979.0000 9836.0000 9747.0000 9780.0000 9897.0000 9796.0000 9816.0000 9795.0000 
31.2000 10020.0000 10044.0000 10045.0000 10004.0000 9967.0000 10075.0000 10071.0000 10053.0000 
31.4000 9914.0000 9950.0000 9720.0000 9793.0000 9824.0000 9677.0000 9874.0000 9772.0000 
31.6000 10166.0000 10047.0000 10088.0000 9966.0000 9991.0000 9884.0000 10155.0000 9911.0000 
31.8000 9918.0000 9796.0000 9753.0000 9730.0000 9928.0000 9814.0000 9932.0000 9784.0000 
32.0000 10045.0000 9985.0000 9818.0000 9937.0000 9907.0000 9929.0000 10032.0000 10032.0000 
32.2000 9814.0000 9539.0000 9787.0000 9791.0000 9724.0000 9833.0000 9824.0000 9787.0000 
32.4000 10035.0000 9919.0000 9917.0000 9833.0000 9924.0000 9859.0000 10068.0000 10059.0000 
32.6000 9911.0000 9935.0000 9942.0000 9726.0000 9816.0000 9686.0000 9868.0000 9839.0000 
32.8000 10127.0000 9865.0000 9972.0000 9962.0000 10099.0000 9980.0000 9940.0000 10024.0000 
33.0000 9860.0000 9788.0000 9987.0000 9604.0000 9769.0000 9719.0000 10006.0000 9865.0000 
33.2000 9987.0000 9963.0000 9969.0000 9834.0000 9959.0000 9987.0000 10060.0000 9916.0000 
33.4000 9871.0000 9900.0000 9749.0000 9831.0000 9763.0000 9672.0000 9816.0000 9707.0000 
33.6000 10209.0000 10081.0000 10079.0000 9860.0000 9872.0000 9971.0000 10132.0000 10108.0000 
33.8000 10073.0000 9758.0000 9846.0000 9819.0000 9881.0000 9845.0000 9868.0000 9603.0000 
34.0000 10120.0000 10040.0000 10012.0000 9968.0000 9959.0000 9844.0000 10082.0000 10097.0000 
34.2000 10053.0000 9872.0000 9738.0000 9889.0000 9823.0000 9833.0000 10025.0000 9687.0000 
34.4000 10042.0000 9941.0000 10012.0000 9955.0000 10075.0000 9880.0000 10094.0000 9975.0000 
34.6000 9927.0000 9861.0000 9837.0000 9643.0000 9853.0000 9615.0000 9874.0000 9916.0000 
34.8000 10150.0000 9909.0000 9964.0000 9933.0000 10020.0000 9921.0000 10213.0000 10182.0000 
35.0000 9965.0000 9821.0000 9764.0000 9732.0000 9720.0000 9825.0000 9784.0000 9898.0000 
35.2000 10203.0000 10025.0000 10008.0000 9842.0000 9998.0000 9865.0000 10008.0000 9931.0000 
35.4000 9865.0000 9766.0000 9964.0000 9759.0000 9808.0000 9805.0000 9966.0000 9970.0000 
35.6000 10152.0000 10084.0000 9937.0000 9969.0000 10017.0000 9966.0000 10104.0000 9947.0000 
35.8000 9893.0000 9925.0000 9810.0000 9878.0000 9850.0000 9778.0000 9845.0000 9814.0000 
36.0000 10059.0000 9906.0000 9914.0000 9898.0000 10170.0000 10018.0000 9985.0000 9954.0000 
36.2000 9777.0000 9927.0000 9732.0000 9862.0000 9997.0000 9717.0000 9765.0000 9886.0000 
36.4000 10171.0000 10048.0000 10029.0000 10059.0000 9951.0000 10095.0000 10071.0000 9957.0000 
36.6000 9964.0000 9854.0000 9795.0000 9849.0000 9844.0000 9790.0000 10076.0000 9945.0000 
36.8000 10138.0000 9901.0000 9907.0000 9914.0000 9986.0000 10066.0000 10231.0000 9918.0000 
37.0000 10071.0000 9707.0000 9750.0000 9717.0000 9772.0000 9909.0000 9880.0000 9641.0000 
37.2000 10173.0000 9957.0000 10024.0000 9858.0000 9918.0000 9937.0000 9976.0000 10009.0000 
37.4000 9924.0000 9860.0000 9736.0000 9802.0000 9807.0000 9720.0000 9910.0000 9716.0000 
37.6000 10099.0000 10046.0000 9871.0000 9953.0000 9953.0000 10147.0000 9971.0000 9934.0000 
37.8000 9930.0000 9764.0000 9770.0000 9709.0000 9683.0000 9785.0000 9878.0000 9725.0000 
38.0000 10011.0000 9913.0000 9889.0000 10134.0000 10082.0000 9956.0000 10183.0000 10093.0000 
38.2000 9903.0000 9789.0000 9802.0000 9518.0000 9876.0000 9772.0000 9806.0000 9744.0000 
38.4000 10112.0000 9940.0000 9937.0000 9900.0000 9987.0000 9893.0000 10028.0000 10039.0000 
38.6000 9981.0000 9841.0000 9891.0000 9759.0000 9913.0000 9793.0000 9771.0000 9845.0000 
38.8000 10007.0000 10122.0000 10027.0000 10013.0000 10193.0000 9939.0000 9981.0000 10103.0000 
39.0000 9902.0000 9796.0000 9902.0000 9772.0000 10016.0000 9797.0000 9959.0000 9798.0000 
39.2000 10058.0000 10118.0000 9948.0000 9891.0000 9977.0000 10014.0000 10271.0000 9970.0000 
39.4000 9999.0000 9946.0000 9598.0000 9740.0000 9877.0000 9750.0000 9992.0000 9781.0000 
39.6000 10114.0000 10127.0000 9808.0000 9936.0000 10042.0000 10097.0000 10158.0000 9908.0000 
39.8000 9985.0000 9759.0000 9576.0000 9833.0000 9944.0000 9714.0000 10004.0000 9807.0000 
40.0000 10153.0000 10015.0000 10035.0000 9871.0000 10086.0000 10020.0000 10058.0000 10021.0000 
40.2000 9791.0000 9811.0000 9883.0000 9684.0000 9746.0000 9985.0000 9957.0000 9703.0000 
40.4000 10190.0000 10080.0000 9951.0000 10051.0000 10167.0000 9899.0000 10145.0000 10076.0000 
40.6000 10074.0000 9915.0000 9704.0000 9841.0000 9927.0000 9652.0000 9789.0000 9577.0000 
40.8000 10050.0000 9901.0000 9949.0000 9935.0000 9876.0000 10133.0000 10091.0000 9998.0000 
41.0000 9936.0000 9831.0000 9836.0000 9757.0000 9806.0000 9773.0000 9843.0000 9878.0000 
41.2000 10113.0000 10100.0000 9955.0000 9921.0000 10097.0000 9898.0000 10086.0000 10149.0000 
41.4000 9956.0000 9761.0000 9815.0000 9602.0000 9816.0000 9778.0000 9830.0000 9742.0000 
41.6000 10142.0000 9883.0000 9785.0000 10032.0000 10159.0000 9889.0000 10149.0000 9917.0000 
41.8000 9902.0000 9684.0000 9690.0000 9725.0000 10063.0000 9829.0000 9901.0000 9813.0000 
42.0000 10107.0000 10012.0000 9918.0000 10027.0000 10014.0000 10090.0000 10008.0000 10028.0000 
42.2000 9849.0000 9796.0000 9829.0000 9593.0000 9830.0000 9753.0000 9835.0000 9885.0000 
42.4000 10085.0000 10063.0000 9846.0000 9828.0000 9949.0000 10067.0000 10079.0000 10119.0000 
42.6000 9931.0000 9767.0000 9715.0000 9774.0000 9913.0000 9669.0000 9820.0000 9988.0000 
42.8000 10164.0000 10140.0000 10045.0000 10046.0000 9952.0000 10021.0000 10158.0000 10032.0000 
43.0000 9992.0000 9895.0000 9804.0000 9848.0000 9849.0000 9764.0000 9838.0000 9854.0000 
43.2000 10176.0000 9933.0000 10010.0000 9814.0000 10137.0000 9978.0000 10079.0000 9969.0000 
43.4000 9942.0000 9936.0000 9748.0000 9638.0000 9829.0000 9671.0000 9971.0000 9755.0000 
43.6000 10088.0000 10023.0000 9882.0000 9789.0000 9929.0000 9953.0000 9977.0000 9880.0000 
43.8000 10070.0000 9792.0000 9864.0000 9729.0000 9880.0000 9681.0000 9923.0000 9837.0000 
44.0000 10015.0000 10084.0000 9961.0000 9883.0000 9860.0000 9838.0000 10087.0000 10035.0000 
44.2000 10034.0000 9757.0000 9595.0000 9803.0000 9687.0000 9575.0000 9787.0000 9764.0000 
44.4000 10119.0000 10062.0000 9888.0000 9879.0000 9989.0000 10004.0000 9996.0000 10111.0000 
44.6000 9909.0000 9755.0000 9666.0000 9614.0000 9867.0000 9669.0000 9840.0000 9861.0000 
44.8000 9988.0000 9892.0000 10047.0000 9939.0000 10102.0000 9869.0000 10055.0000 9890.0000 
45.0000 9900.0000 9923.0000 9853.0000 9919.0000 9817.0000 9744.0000 9763.0000 9908.0000 
45.2000 10088.0000 9921.0000 9891.0000 9998.0000 10130.0000 9835.0000 10015.0000 9973.0000 
45.4000 10034.0000 9876.0000 9845.0000 9762.0000 9802.0000 9903.0000 9951.0000 9902.0000 
45.6000 10184.0000 9950.0000 10039.0000 9928.0000 10090.0000 10079.0000 10131.0000 10024.0000 
45.8000 9871.0000 9913.0000 9807.0000 9855.0000 9803.0000 9654.0000 9842.0000 9754.0000 
46.0000 10150.0000 10097.0000 10001.0000 9957.0000 10173.0000 9962.0000 10106.0000 10043.0000 
46.2000 9792.0000 9723.0000 9808.0000 9750.0000 9822.0000 9759.0000 9957.0000 9701.0000 
46.4000 10210.0000 9977.0000 9929.0000 9943.0000 10067.0000 9956.0000 9952.0000 10080.0000 
46.6000 9950.0000 9647.0000 9601.0000 9905.0000 9780.0000 9727.0000 9839.0000 9892.0000 
46.8000 10092.0000 9981.0000 9908.0000 9932.0000 10164.0000 9940.0000 10044.0000 10102.0000 
47.0000 9876.0000 9732.0000 9624.0000 9681.0000 9793.0000 9704.0000 9935.0000 9865.0000 
47.2000 10286.0000 9918.0000 9911.0000 9888.0000 9945.0000 10043.0000 10048.0000 9960.0000 
47.4000 9789.0000 9818.0000 9769.0000 9682.0000 9884.0000 9653.0000 9843.0000 9890.0000 
47.6000 10223.0000 10130.0000 10089.0000 10013.0000 10021.0000 9888.0000 10126.0000 10104.0000 
47.8000 9848.0000 9862.0000 9813.0000 9540.0000 9832.0000 9792.0000 9963.0000 9838.0000 
48.0000 10056.0000 10214.0000 9998.0000 9874.0000 10005.0000 9997.0000 9926.0000 10024.0000 
48.2000 10077.0000 9778.0000 9670.0000 9809.0000 9718.0000 9687.0000 9947.0000 9847.0000 
48.4000 10155.0000 10115.0000 9906.0000 10041.0000 10064.0000 9948.0000 10113.0000 10016.0000 
48.6000 9783.0000 9917.0000 9717.0000 9806.0000 9739.0000 9802.0000 9834.0000 9956.0000 
48.8000 10024.0000 10038.0000 9844.0000 9868.0000 9847.0000 10087.0000 10159.0000 9917.0000 
49.0000 10007.0000 9735.0000 9689.0000 9637.0000 9843.0000 9863.0000 9789.0000 9833.0000 
49.2000 10141.0000 10181.0000 10185.0000 9918.0000 10048.0000 9983.0000 10112.0000 10123.0000 
49.4000 10025.0000 9829.0000 9729.0000 9937.0000 9815.0000 9886.0000 9983.0000 9869.0000 
49.6000 10048.0000 10095.0000 9951.0000 9783.0000 10204.0000 9889.0000 10057.0000 10003.0000 
49.8000 9826.0000 9906.0000 9855.0000 9676.0000 9814.0000 9795.0000 9892.0000 9715.0000 
50.0000 10221.0000 9964.0000 10014.0000 9920.0000 10091.0000 9758.0000 10203.0000 10047.0000 
50.2000 9944.0000 9834.0000 9770.0000 10028.0000 9776.0000 9738.0000 10140.0000 9850.0000 
50.4000 10011.0000 10095.0000 9911.0000 10020.0000 10031.0000 10018.0000 10050.0000 10121.0000 
50.6000 9938.0000 9734.0000 9895.0000 9601.0000 9795.0000 9933.0000 9890.0000 9954.0000 
50.8000 10206.0000 9833.0000 10041.0000 9861.0000 10084.0000 9953.0000 10049.0000 10195.0000 
51.0000 9863.0000 9929.0000 9771.0000 9781.0000 9715.0000 9788.0000 9997.0000 9920.0000 
51.2000 10227.0000 9973.0000 10028.0000 10114.0000 10120.0000 10150.0000 9915.0000 10113.0000 
51.4000 9972.0000 9802.0000 9647.0000 9694.0000 9878.0000 9711.0000 9965.0000 9843.0000 
51.6000 10112.0000 10045.0000 10029.0000 9845.0000 10130.0000 9871.0000 10002.0000 10125.0000 
51.8000 9772.0000 9792.0000 9857.0000 9801.0000 9971.0000 9814.0000 9854.0000 9857.0000 
52.0000 10196.0000 9925.0000 10140.0000 9988.0000 10092.0000 9928.0000 9857.0000 10114.0000 
52.2000 9931.0000 9906.0000 9734.0000 9800.0000 9826.0000 9761.0000 10009.0000 9766.0000 
52.4000 10055.0000 9967.0000 9862.0000 9896.0000 9974.0000 9930.0000 10140.0000 10000.0000 
52.6000 9879.0000 9994.0000 9906.0000 9760.0000 9747.0000 9777.0000 9866.0000 9881.0000 
52.8000 10167.0000 9953.0000 10035.0000 9928.0000 10117.0000 9822.0000 10019.0000 10065.0000 
53.0000 9910.0000 9805.0000 9755.0000 9615.0000 9905.0000 9678.0000 9805.0000 9786.0000 
53.2000 10101.0000 9965.0000 9793.0000 9834.0000 10061.0000 9802.0000 9992.0000 10014.0000 
53.4000 9999.0000 9939.0000 9802.0000 9826.0000 9930.0000 9767.0000 9893.0000 9850.0000 
53.6000 10113.0000 9787.0000 10137.0000 9968.0000 10118.0000 9807.0000 10288.0000 10070.0000 
53.8000 9851.0000 9780.0000 9731.0000 9774.0000 9694.0000 9899.0000 9830.0000 9806.0000 
54.0000 10095.0000 10069.0000 9870.0000 9809.0000 10030.0000 9912.0000 10212.0000 9905.0000 
54.2000 9891.0000 9826.0000 9822.0000 9835.0000 9953.0000 9774.0000 9892.0000 9799.0000 
54.4000 10082.0000 10033.0000 9821.0000 9903.0000 10057.0000 9906.0000 10107.0000 9788.0000 
54.6000 9982.0000 9844.0000 9806.0000 9798.0000 9889.0000 9730.0000 10148.0000 9821.0000 
54.8000 10220.0000 10077.0000 9961.0000 9828.0000 9988.0000 9971.0000 10097.0000 10020.0000 
55.0000 10103.0000 9805.0000 9953.0000 9872.0000 9860.0000 9753.0000 9869.0000 9852.0000 
55.2000 10258.0000 9972.0000 10031.0000 9971.0000 10048.0000 9847.0000 9977.0000 10017.0000 
55.4000 9979.0000 9712.0000 9852.0000 9668.0000 9770.0000 9892.0000 9860.0000 9882.0000 
55.6000 10071.0000 10000.0000 9926.0000 10157.0000 9978.0000 10042.0000 10162.0000 10081.0000 
55.8000 9928.0000 9792.0000 9739.0000 9807.0000 9904.0000 9636.0000 9856.0000 10007.0000 
56.0000 10185.0000 9866.0000 10024.0000 9883.0000 9929.0000 10037.0000 10191.0000 10270.0000 
56.2000 9886.0000 9934.0000 9796.0000 9716.0000 9805.0000 9788.0000 9785.0000 9733.0000 
56.4000 10264.0000 10071.0000 10025.0000 9903.0000 10047.0000 10007.0000 10065.0000 10034.0000 
56.6000 9785.0000 9839.0000 9506.0000 9703.0000 9809.0000 9824.0000 9880.0000 9805.0000 
56.8000 10219.0000 10000.0000 9963.0000 10068.0000 10031.0000 9954.0000 10028.0000 10111.0000 
57.0000 9963.0000 9896.0000 9744.0000 9694.0000 9739.0000 9578.0000 9783.0000 9873.0000 
57.2000 10190.0000 10087.0000 10026.0000 9900.0000 10126.0000 10115.0000 10075.0000 10041.0000 
57.4000 9926.0000 9806.0000 9746.0000 9554.0000 9865.0000 9640.0000 9848.0000 9671.0000 
57.6000 10132.0000 9799.0000 9969.0000 10116.0000 10011.0000 10102.0000 10003.0000 9790.0000 
57.8000 9964.0000 9818.0000 9804.0000 9676.0000 9734.0000 9704.0000 10018.0000 9659.0000 
58.0000 10114.0000 9923.0000 9811.0000 9979.0000 10060.0000 10082.0000 10006.0000 10079.0000 
58.2000 9895.0000 9798.0000 9587.0000 9818.0000 9730.0000 9830.0000 9800.0000 9876.0000 
58.4000 10135.0000 9926.0000 9847.0000 9977.0000 10010.0000 9971.0000 10089.0000 9872.0000 
58.6000 9879.0000 9836.0000 9757.0000 9758.0000 9951.0000 9719.0000 9774.0000 9775.0000 
58.8000 10162.0000 10016.0000 9812.0000 9732.0000 10079.0000 10100.0000 10036.0000 10002.0000 
59.0000 9938.0000 9916.0000 9775.0000 9637.0000 9728.0000 9772.0000 9851.0000 9844.0000 
59.2000 10096.0000 9972.0000 9834.0000 9878.0000 9927.0000 10020.0000 9929.0000 9879.0000 
59.4000 9911.0000 9864.0000 9791.0000 9726.0000 9852.0000 9745.0000 9862.0000 9791.0000 
59.6000 10093.0000 9947.0000 10072.0000 9867.0000 10112.0000 10068.0000 10049.0000 10014.0000 
59.8000 10052.0000 10000.0000 9776.0000 9705.0000 9937.0000 9794.0000 9951.0000 9914.0000 
60.0000 10058.0000 10080.0000 10014.0000 9780.0000 10015.0000 10005.0000 10161.0000 9957.0000 
60.2000 9911.0000 9881.0000 9825.0000 9806.0000 9909.0000 9908.0000 9970.0000 9625.0000 
60.4000 10126.0000 10202.0000 9982.0000 9957.0000 10116.0000 9939.0000 10115.0000 9985.0000 
60.6000 9910.0000 9701.0000 9809.0000 9716.0000 9763.0000 9674.0000 9808.0000 9707.0000 
60.8000 10175.0000 10032.0000 9985.0000 9987.0000 10113.0000 10115.0000 9927.0000 10053.0000 
61.0000 10051.0000 9770.0000 9757.0000 9781.0000 9903.0000 9628.0000 9910.0000 9750.0000 
61.2000 10076.0000 9963.0000 9966.0000 10073.0000 10006.0000 9888.0000 10119.0000 10141.0000 
61.4000 9880.0000 9934.0000 9757.0000 9949.0000 9863.0000 9888.0000 9923.0000 9902.0000 
61.6000 10153.0000 10073.0000 9970.0000 10076.0000 10135.0000 9959.0000 10120.0000 9920.0000 
61.8000 10050.0000 9857.0000 9799.0000 9693.0000 9928.0000 9834.0000 9716.0000 9861.0000 
62.0000 10055.0000 10157.0000 9986.0000 10197.0000 10097.0000 10021.0000 10144.0000 10021.0000 
62.2000 10009.0000 9849.0000 9936.0000 9918.0000 9936.0000 9744.0000 9951.0000 9796.0000 
62.4000 9987.0000 9938.0000 9779.0000 9972.0000 9960.0000 9979.0000 10135.0000 9986.0000 
62.6000 9882.0000 9801.0000 9818.0000 9720.0000 9677.0000 9794.0000 9914.0000 9742.0000 
62.8000 10022.0000 9969.0000 10004.0000 9941.0000 9950.0000 10027.0000 10190.0000 10030.0000 
63.0000 10070.0000 9709.0000 9701.0000 9849.0000 9856.0000 9737.0000 9882.0000 9803.0000 
63.2000 10257.0000 9905.0000 10033.0000 9938.0000 10108.0000 9936.0000 10083.0000 10157.0000 
63.4000 9969.0000 9643.0000 9856.0000 9685.0000 9791.0000 9667.0000 9896.0000 9711.0000 
63.6000 10107.0000 10093.0000 10070.0000 9903.0000 9887.0000 10041.0000 10139.0000 10011.0000 
63.8000 9965.0000 9841.0000 9831.0000 9730.0000 9812.0000 9692.0000 9891.0000 9900.0000 
64.0000 10128.0000 10053.0000 9898.0000 9907.0000 10054.0000 9899.0000 10170.0000 9902.0000 
64.2000 9960.0000 9659.0000 9665.0000 9824.0000 9802.0000 9696.0000 9976.0000 9891.0000 
64.4000 9951.0000 9995.0000 9889.0000 9885.0000 9775.0000 10071.0000 9968.0000 10006.0000 
64.6000 9987.0000 9871.0000 9848.0000 9691.0000 9876.0000 9721.0000 9851.0000 9858.0000 
64.8000 10072.0000 9941.0000 9974.0000 9961.0000 9947.0000 9778.0000 10058.0000 10029.0000 
65.0000 9897.0000 9885.0000 9720.0000 9624.0000 9840.0000 9655.0000 9950.0000 9803.0000 
65.2000 10070.0000 10065.0000 9992.0000 10070.0000 10061.0000 10064.0000 10212.0000 9885.0000 
65.4000 9930.0000 9866.0000 9694.0000 9679.0000 9811.0000 9827.0000 9961.0000 9728.0000 
65.6000 10162.0000 10143.0000 10035.0000 9895.0000 9880.0000 9754.0000 9814.0000 9941.0000 
65.8000 9725.0000 9760.0000 9850.0000 9780.0000 9954.0000 9720.0000 10014.0000 9739.0000 
66.0000 10046.0000 10045.0000 9951.0000 9943.0000 10075.0000 9855.0000 10055.0000 10006.0000 
66.2000 9931.0000 9728.0000 9825.0000 9758.0000 9871.0000 9772.0000 9914.0000 9798.0000 
66.4000 10006.0000 10048.0000 10039.0000 10037.0000 10010.0000 9942.0000 10175.0000 10108.0000 
66.6000 9838.0000 9830.0000 9657.0000 9683.0000 9918.0000 9822.0000 9819.0000 9978.0000 
66.8000 10240.0000 10094.0000 9928.0000 9923.0000 10137.0000 9933.0000 10175.0000 10137.0000 
67.0000 9876.0000 9843.0000 9698.0000 9695.0000 9982.0000 9927.0000 9903.0000 9958.0000 
67.2000 10104.0000 10099.0000 9889.0000 9903.0000 9921.0000 9847.0000 10184.0000 10127.0000 
67.4000 9944.0000 9788.0000 9667.0000 9818.0000 9777.0000 9803.0000 9852.0000 9683.0000 
67.6000 9918.0000 9948.0000 9986.0000 9986.0000 9990.0000 10005.0000 10229.0000 10110.0000 
67.8000 9879.0000 9677.0000 9743.0000 9834.0000 9940.0000 9799.0000 9959.0000 9785.0000 
68.0000 10031.0000 10214.0000 10132.0000 9963.0000 9961.0000 9930.0000 10248.0000 10219.0000 
68.2000 9912.0000 9858.0000 9738.0000 9730.0000 9882.0000 9825.0000 9691.0000 9801.0000 
68.4000 10210.0000 9909.0000 9967.0000 9911.0000 10057.0000 9974.0000 10183.0000 10215.0000 
68.6000 9888.0000 9727.0000 9753.0000 9835.0000 9948.0000 9874.0000 10000.0000 9684.0000 
68.8000 10082.0000 10110.0000 10057.0000 9734.0000 9955.0000 10025.0000 10134.0000 10049.0000 
69.0000 9777.0000 9662.0000 9810.0000 9785.0000 9991.0000 9873.0000 9958.0000 9810.0000 
69.2000 10118.0000 10061.0000 9755.0000 9878.0000 10134.0000 9893.0000 10205.0000 9871.0000 
69.4000 9910.0000 9823.0000 9959.0000 9861.0000 9969.0000 9831.0000 9875.0000 9838.0000 
69.6000 10084.0000 10016.0000 9954.0000 9938.0000 9956.0000 10089.0000 9938.0000 10068.0000 
69.8000 9804.0000 9838.0000 9576.0000 9612.0000 9721.0000 9661.0000 9863.0000 9792.0000 
70.0000 10029.0000 10066.0000 9900.0000 9933.0000 9971.0000 9976.0000 9963.0000 10074.0000 
70.2000 9872.0000 9780.0000 9778.0000 9796.0000 9824.0000 9740.0000 10052.0000 9740.0000 
70.4000 10052.0000 10007.0000 10034.0000 9958.0000 9776.0000 9925.0000 9999.0000 10119.0000 
70.6000 9841.0000 9709.0000 9750.0000 9836.0000 9811.0000 9716.0000 9700.0000 9777.0000 
70.8000 10168.0000 9995.0000 10050.0000 9927.0000 9969.0000 9928.0000 10161.0000 10008.0000 
71.0000 9891.0000 9774.0000 9792.0000 9655.0000 9845.0000 9672.0000 9766.0000 10048.0000 
71.2000 10125.0000 10036.0000 9988.0000 10045.0000 10020.0000 9971.0000 10104.0000 10101.0000 
71.4000 9937.0000 9763.0000 9869.0000 9761.0000 9580.0000 9661.0000 9796.0000 9705.0000 
71.6000 10175.0000 9881.0000 9953.0000 9864.0000 9990.0000 9912.0000 10244.0000 10051.0000 
71.8000 9849.0000 9790.0000 9701.0000 9733.0000 9755.0000 9887.0000 9786.0000 9947.0000 
72.0000 10122.0000 9988.0000 9701.0000 10179.0000 9979.0000 9990.0000 10099.0000 10049.0000 
72.2000 9928.0000 9850.0000 9944.0000 9718.0000 9880.0000 9765.0000 9829.0000 9766.0000 
72.4000 9992.0000 9990.0000 9943.0000 9936.0000 10108.0000 9919.0000 10195.0000 10046.0000 
72.6000 9957.0000 9803.0000 9714.0000 9771.0000 10012.0000 9787.0000 9963.0000 9895.0000 
72.8000 10042.0000 9919.0000 9979.0000 10015.0000 9922.0000 9893.0000 10170.0000 9916.0000 
73.0000 9973.0000 9733.0000 9720.0000 9660.0000 9869.0000 9693.0000 9841.0000 9899.0000 
73.2000 10048.0000 9921.0000 10042.0000 9856.0000 10002.0000 9980.0000 10072.0000 9995.0000 
73.4000 9849.0000 9867.0000 9708.0000 9805.0000 9764.0000 9854.0000 9903.0000 9746.0000 
73.6000 10003.0000 10061.0000 10005.0000 9865.0000 10144.0000 9964.0000 10073.0000 10045.0000 
73.8000 9893.0000 9907.0000 9775.0000 9832.0000 9887.0000 9730.0000 10089.0000 9767.0000 
74.0000 10000.0000 9961.0000 9855.0000 9871.0000 10014.0000 9856.0000 10071.0000 10028.0000 
74.2000 9835.0000 9862.0000 9806.0000 9560.0000 9713.0000 9745.0000 9762.0000 9942.0000 
74.4000 9930.0000 9975.0000 10105.0000 9791.0000 9929.0000 10007.0000 10069.0000 9880.0000 
74.6000 9974.0000 9846.0000 9719.0000 9715.0000 9813.0000 9750.0000 9796.0000 9828.0000 
74.8000 10275.0000 9933.0000 10077.0000 9889.0000 9891.0000 10151.0000 10248.0000 10052.0000 
75.0000 9994.0000 9813.0000 9815.0000 9881.0000 10125.0000 9828.0000 9977.0000 9828.0000 
75.2000 10143.0000 9974.0000 10051.0000 9979.0000 10109.0000 10110.0000 10155.0000 9927.0000 
75.4000 10030.0000 9896.0000 9680.0000 9713.0000 9921.0000 9715.0000 9903.0000 9851.0000 
75.6000 10085.0000 10045.0000 10080.0000 9957.0000 9928.0000 9961.0000 10146.0000 10056.0000 
75.8000 9900.0000 9889.0000 9836.0000 9817.0000 9889.0000 9783.0000 10058.0000 9807.0000 
76.0000 10204.0000 9925.0000 9975.0000 9887.0000 9971.0000 10059.0000 10174.0000 9937.0000 
76.2000 9962.0000 9767.0000 9668.0000 9799.0000 9765.0000 9660.0000 9883.0000 9855.0000 
76.4000 10057.0000 10041.0000 10071.0000 10051.0000 10032.0000 9926.0000 10141.0000 9867.0000 
76.6000 9940.0000 9723.0000 9859.0000 9673.0000 9863.0000 9648.0000 9782.0000 9830.0000 
76.8000 10063.0000 10118.0000 9941.0000 9865.0000 9956.0000 9785.0000 10077.0000 10086.0000 
77.0000 9922.0000 9767.0000 9796.0000 9792.0000 9767.0000 9722.0000 9930.0000 9709.0000 
77.2000 10164.0000 9956.0000 10073.0000 9980.0000 10061.0000 10049.0000 9962.0000 10118.0000 
77.4000 9922.0000 9756.0000 9698.0000 9777.0000 9747.0000 9859.0000 9862.0000 9777.0000 
77.6000 10014.0000 10022.0000 9910.0000 9886.0000 9844.0000 9883.0000 10075.0000 10087.0000 
77.8000 9984.0000 9910.0000 9681.0000 9728.0000 9780.0000 9576.0000 9993.0000 9843.0000 
78.0000 10007.0000 10104.0000 9921.0000 9911.0000 9908.0000 9899.0000 10184.0000 10133.0000 
78.2000 9943.0000 9778.0000 9632.0000 9815.0000 9846.0000 9783.0000 9907.0000 9759.0000 
78.4000 10085.0000 9864.0000 9954.0000 9811.0000 9898.0000 9770.0000 10014.0000 10022.0000 
78.6000 10037.0000 9914.0000 9739.0000 9609.0000 9896.0000 9734.0000 9723.0000 9827.0000 
78.8000 10132.0000 9995.0000 9974.0000 10141.0000 10049.0000 9815.0000 10102.0000 10008.0000 
79.0000 9824.0000 9744.0000 9771.0000 9894.0000 9817.0000 9727.0000 10033.0000 9735.0000 
79.2000 10091.0000 10015.0000 9918.0000 10102.0000 10020.0000 9880.0000 10004.0000 9988.0000 
79.4000 9848.0000 9790.0000 9753.0000 9673.0000 9832.0000 9600.0000 9826.0000 9716.0000 
79.6000 9968.0000 10040.0000 10021.0000 9955.0000 10088.0000 10011.0000 10173.0000 9933.0000 
79.8000 9762.0000 9867.0000 9831.0000 9748.0000 9896.0000 9872.0000 9835.0000 9852.0000 
80.0000 10077.0000 9905.0000 10001.0000 9905.0000 10263.0000 9839.0000 10023.0000 9908.0000 
80.2000 10016.0000 9791.0000 9866.0000 9756.0000 9663.0000 9703.0000 9808.0000 9706.0000 
80.4000 9976.0000 9913.0000 9899.0000 9948.0000 9999.0000 9918.0000 10150.0000 10210.0000 
80.6000 9856.0000 9818.0000 9799.0000 9588.0000 9618.0000 9660.0000 9813.0000 9847.0000 
80.8000 10003.0000 10044.0000 9993.0000 9812.0000 10006.0000 9980.0000 10117.0000 9977.0000 
81.0000 9987.0000 9864.0000 9731.0000 9804.0000 9937.0000 9854.0000 9883.0000 9748.0000 
81.2000 10028.0000 10033.0000 10062.0000 10086.0000 10104.0000 9919.0000 10219.0000 10076.0000 
81.4000 9981.0000 9992.0000 9645.0000 9753.0000 9950.0000 9885.0000 9900.0000 9872.0000 
81.6000 10158.0000 9917.0000 9960.0000 10021.0000 10027.0000 9785.0000 10006.0000 10061.0000 
81.8000 9886.0000 9939.0000 9863.0000 9665.0000 9812.0000 9667.0000 10042.0000 9766.0000 
82.0000 10264.0000 10053.0000 9922.0000 9786.0000 10186.0000 10024.0000 10025.0000 10177.0000 
82.2000 9969.0000 9747.0000 9794.0000 9712.0000 9795.0000 9701.0000 9760.0000 9685.0000 
82.4000 10045.0000 9929.0000 9965.0000 9867.0000 10054.0000 9853.0000 10059.0000 10069.0000 
82.6000 9886.0000 9829.0000 9618.0000 9865.0000 9815.0000 9814.0000 9959.0000 9815.0000 
82.8000 9969.0000 9887.0000 9970.0000 9990.0000 9874.0000 9884.0000 10051.0000 9934.0000 
83.0000 9969.0000 9950.0000 9695.0000 9864.0000 9835.0000 9900.0000 9817.0000 9793.0000 
83.2000 9999.0000 9882.0000 9895.0000 9908.0000 10042.0000 9974.0000 10029.0000 10001.0000 
83.4000 9946.0000 9772.0000 9652.0000 9721.0000 9781.0000 9786.0000 9881.0000 10025.0000 
83.6000 10036.0000 10136.0000 9919.0000 9864.0000 10120.0000 9990.0000 10082.0000 9870.0000 
83.8000 10064.0000 9766.0000 9631.0000 9845.0000 9829.0000 9742.0000 9837.0000 9872.0000 
84.0000 10200.0000 9869.0000 9872.0000 9823.0000 9948.0000 10002.0000 10212.0000 9969.0000 
84.2000 9972.0000 9722.0000 9779.0000 9661.0000 9704.0000 9788.0000 9867.0000 9706.0000 
84.4000 10041.0000 10123.0000 10082.0000 9932.0000 10101.0000 10108.0000 10060.0000 10063.0000 
84.6000 9861.0000 9690.0000 9776.0000 9658.0000 9976.0000 9852.0000 9691.0000 9886.0000 
84.8000 9971.0000 9865.0000 9925.0000 9918.0000 9993.0000 10065.0000 10108.0000 10127.0000 
85.0000 9912.0000 9906.0000 9639.0000 9620.0000 9775.0000 9721.0000 9852.0000 9837.0000 
85.2000 10143.0000 10068.0000 9954.0000 9882.0000 10107.0000 10053.0000 10106.0000 9987.0000 
85.4000 9930.0000 9701.0000 9883.0000 9825.0000 9925.0000 9888.0000 9832.0000 9771.0000 
85.6000 10050.0000 9976.0000 9983.0000 10014.0000 10044.0000 10139.0000 10201.0000 9992.0000 
85.8000 10019.0000 9651.0000 9680.0000 9777.0000 9809.0000 9726.0000 9924.0000 9772.0000 
86.0000 10009.0000 10051.0000 9981.0000 9923.0000 10044.0000 9837.0000 10090.0000 9936.0000 
86.2000 10047.0000 9786.0000 9817.0000 9671.0000 9892.0000 9799.0000 9918.0000 9870.0000 
86.4000 10223.0000 10044.0000 9991.0000 9872.0000 10036.0000 9915.0000 10159.0000 9969.0000 
86.6000 9911.0000 9870.0000 9678.0000 9612.0000 9683.0000 9756.0000 9840.0000 9786.0000 
86.8000 10092.0000 9914.0000 9919.0000 9842.0000 10059.0000 9953.0000 10174.0000 10065.0000 
87.0000 9937.0000 9875.0000 9648.0000 9729.0000 9866.0000 9811.0000 9876.0000 9868.0000 
87.2000 10068.0000 10064.0000 10040.0000 9838.0000 9958.0000 9931.0000 10009.0000 10052.0000 
87.4000 9939.0000 9851.0000 9714.0000 9737.0000 9879.0000 9721.0000 10137.0000 9859.0000 
87.6000 10206.0000 10245.0000 9934.0000 10116.0000 10187.0000 9972.0000 10165.0000 10020.0000 
87.8000 9938.0000 9828.0000 9821.0000 9841.0000 9685.0000 9875.0000 9935.0000 9878.0000 
88.0000 10047.0000 9937.0000 9980.0000 9975.0000 9981.0000 9925.0000 9875.0000 10188.0000 
88.2000 10117.0000 9819.0000 9673.0000 9640.0000 9823.0000 9789.0000 9845.0000 9876.0000 
88.4000 10109.0000 9970.0000 10044.0000 9969.0000 10140.0000 10105.0000 10187.0000 9918.0000 
88.6000 10019.0000 9793.0000 9733.0000 9762.0000 9677.0000 9884.0000 9742.0000 9790.0000 
88.8000 10124.0000 10007.0000 10015.0000 9930.0000 10085.0000 10016.0000 10238.0000 10171.0000 
89.0000 9867.0000 9940.0000 9601.0000 9659.0000 9707.0000 9850.0000 9942.0000 9728.0000 
89.2000 10181.0000 9938.0000 10070.0000 10051.0000 10016.0000 9905.0000 10184.0000 10099.0000 
89.4000 9714.0000 9846.0000 9751.0000 9826.0000 9748.0000 9784.0000 9805.0000 9911.0000 
89.6000 10164.0000 10021.0000 9844.0000 9842.0000 10104.0000 9932.0000 10128.0000 10128.0000 
89.8000 10024.0000 9659.0000 9759.0000 9793.0000 9835.0000 9830.0000 9846.0000 9894.0000 
90.0000 10005.0000 10052.0000 10060.0000 10117.0000 9970.0000 9930.0000 9994.0000 9941.0000 
90.2000 9870.0000 9758.0000 9799.0000 9702.0000 9925.0000 9757.0000 9859.0000 9826.0000 
90.4000 10041.0000 10036.0000 9943.0000 9856.0000 9930.0000 9890.0000 9990.0000 10016.0000 
90.6000 10004.0000 9656.0000 9872.0000 9752.0000 9737.0000 9833.0000 9836.0000 9673.0000 
90.8000 10077.0000 9943.0000 9887.0000 9961.0000 9927.0000 9820.0000 10085.0000 10000.0000 
91.0000 10066.0000 9791.0000 9908.0000 9708.0000 9890.0000 9816.0000 9838.0000 9744.0000 
91.2000 9907.0000 10050.0000 9905.0000 9895.0000 9987.0000 9926.0000 10200.0000 10006.0000 
91.4000 10037.0000 9712.0000 9870.0000 9792.0000 9750.0000 9760.0000 9916.0000 9817.0000 
91.6000 10029.0000 10027.0000 9927.0000 9925.0000 9973.0000 9982.0000 10173.0000 9887.0000 
91.8000 9997.0000 9792.0000 9664.0000 9675.0000 9817.0000 9796.0000 9800.0000 9837.0000 
92.0000 10184.0000 9799.0000 9862.0000 10029.0000 9965.0000 9946.0000 10167.0000 9924.0000 
92.2000 10076.0000 9932.0000 9838.0000 9756.0000 9818.0000 9706.0000 9873.0000 9781.0000 
92.4000 10166.0000 10061.0000 9905.0000 9889.0000 10019.0000 9905.0000 10067.0000 10015.0000 
92.6000 9937.0000 9759.0000 9889.0000 9662.0000 9761.0000 9656.0000 9993.0000 9814.0000 
92.8000 10100.0000 10096.0000 9920.0000 10000.0000 10092.0000 9810.0000 10177.0000 9988.0000 
93.0000 10026.0000 9825.0000 9802.0000 9654.0000 9838.0000 9702.0000 9840.0000 9794.0000 
93.2000 10078.0000 9915.0000 9958.0000 9940.0000 10125.0000 10001.0000 10147.0000 10087.0000 
93.4000 10009.0000 9923.0000 9760.0000 9677.0000 9917.0000 9837.0000 9932.0000 9756.0000 
93.6000 10105.0000 10039.0000 9856.0000 9895.0000 9937.0000 10114.0000 10033.0000 9985.0000 
93.8000 9861.0000 9918.0000 9773.0000 9874.0000 9932.0000 9657.0000 9891.0000 9734.0000 
94.0000 10183.0000 10025.0000 10104.0000 10061.0000 10043.0000 10097.0000 10205.0000 10105.0000 
94.2000 10009.0000 9676.0000 9782.0000 9724.0000 9754.0000 9808.0000 9922.0000 9930.0000 
94.4000 9935.0000 10123.0000 9869.0000 9863.0000 9985.0000 10005.0000 10032.0000 9968.0000 
94.6000 9779.0000 9775.0000 9729.0000 9622.0000 9795.0000 9807.0000 9917.0000 9697.0000 
94.8000 10069.0000 9974.0000 9950.0000 10062.0000 10020.0000 9894.0000 9993.0000 10034.0000 
95.0000 9977.0000 9831.0000 9714.0000 9792.0000 9944.0000 9782.0000 9936.0000 9955.0000 
95.2000 10139.0000 9996.0000 9975.0000 9992.0000 10130.0000 9984.0000 10186.0000 10105.0000 
95.4000 10087.0000 9869.0000 9681.0000 9641.0000 9800.0000 9870.0000 9741.0000 9658.0000 
95.6000 10190.0000 9910.0000 9986.0000 9956.0000 10134.0000 9921.0000 10053.0000 9963.0000 
95.8000 9911.0000 9641.0000 9796.0000 9720.0000 9862.0000 9634.0000 9967.0000 9921.0000 
96.0000 10139.0000 10102.0000 10033.0000 9973.0000 9978.0000 9785.0000 10005.0000 10041.0000 
96.2000 9886.0000 9772.0000 9767.0000 9712.0000 9938.0000 9723.0000 9993.0000 9830.0000 
96.4000 10006.0000 10153.0000 9935.0000 9964.0000 10097.0000 10127.0000 10251.0000 10045.0000 
96.6000 10026.0000 9741.0000 9704.0000 9959.0000 9781.0000 9693.0000 10056.0000 9713.0000 
96.8000 10029.0000 10020.0000 9838.0000 9940.0000 10002.0000 10009.0000 10063.0000 10007.0000 
97.0000 9966.0000 9763.0000 9743.0000 9715.0000 9898.0000 9721.0000 9864.0000 9819.0000 
97.2000 10001.0000 9885.0000 10034.0000 9934.0000 9848.0000 9815.0000 10035.0000 9904.0000 
97.4000 10051.0000 9749.0000 9747.0000 9893.0000 9892.0000 9678.0000 9879.0000 9801.0000 
97.6000 10099.0000 10086.0000 9874.0000 9748.0000 9939.0000 9953.0000 10031.0000 10052.0000 
97.8000 10190.0000 9948.0000 9877.0000 10117.0000 9908.0000 9857.0000 10071.0000 9911.0000 
98.0000 10390.0000 10252.0000 10221.0000 10219.0000 10272.0000 10202.0000 10311.0000 10340.0000 
98.2000 10267.0000 10074.0000 9925.0000 10063.0000 10148.0000 9898.0000 10246.0000 10005.0000 
98.4000 10333.0000 10121.0000 10194.0000 10245.0000 10236.0000 10301.0000 10344.0000 10451.0000 
98.6000 10157.0000 10041.0000 9924.0000 9801.0000 10087.0000 9978.0000 10114.0000 10200.0000 
98.8000 10416.0000 10259.0000 10214.0000 10349.0000 10323.0000 10283.0000 10349.0000 10315.0000 
99.0000 9974.0000 9916.0000 9752.0000 9651.0000 9799.0000 9797.0000 9825.0000 9792.0000 
99.2000 10108.0000 9805.0000 9907.0000 9816.0000 9961.0000 10014.0000 10210.0000 10052.0000 
99.4000 10008.0000 9664.0000 9754.0000 9850.0000 9819.0000 9834.0000 9711.0000 9858.0000 
99.6000 10296.0000 10101.0000 9853.0000 10156.0000 10119.0000 10003.0000 10114.0000 10118.0000 
99.8000 9941.0000 9856.0000 9949.0000 9708.0000 9938.0000 9751.0000 9817.0000 9964.0000 
100.0000 10123.0000 10011.0000 10043.0000 9976.0000 10141.0000 9989.0000 10094.0000 10138.0000 
100.2000 9946.0000 9876.0000 9758.0000 9775.0000 9892.0000 9562.0000 9931.0000 9899.0000 
100.4000 10087.0000 10060.0000 10057.0000 9976.0000 10033.0000 10052.0000 10172.0000 10196.0000 
100.6000 10209.0000 10224.0000 9939.0000 9851.0000 10009.0000 10141.0000 10056.0000 10025.0000 
100.8000 9999.0000 10149.0000 10034.0000 10089.0000 10159.0000 9979.0000 10085.0000 10054.0000 
101.0000 10178.0000 10063.0000 10040.0000 10040.0000 10046.0000 10006.0000 10186.0000 10155.0000 
101.2000 10104.0000 10112.0000 9963.0000 9932.0000 10167.0000 9995.0000 10203.0000 10108.0000 
101.4000 10145.0000 10078.0000 9901.0000 9879.0000 10093.0000 10075.0000 10103.0000 9928.0000 
101.6000 10174.0000 9852.0000 10039.0000 10045.0000 10186.0000 10040.0000 10028.0000 10103.0000 
101.8000 10052.0000 10027.0000 9985.0000 9932.0000 10116.0000 9959.0000 9963.0000 10008.0000 
102.0000 10152.0000 10078.0000 10078.0000 9935.0000 10232.0000 9988.0000 10043.0000 10066.0000 
102.2000 10232.0000 9961.0000 10057.0000 10044.0000 9988.0000 9974.0000 10194.0000 9995.0000 
102.4000 10234.0000 9944.0000 10030.0000 9978.0000 10088.0000 10082.0000 10211.0000 9992.0000 
102.6000 10189.0000 10070.0000 10051.0000 9978.0000 10074.0000 10111.0000 10180.0000 10115.0000 
102.8000 10046.0000 10041.0000 9946.0000 10003.0000 10131.0000 10042.0000 10259.0000 10167.0000 
103.0000 10177.0000 10050.0000 10022.0000 10014.0000 10057.0000 10012.0000 10004.0000 9986.0000 
103.2000 10064.0000 10023.0000 9928.0000 10018.0000 10111.0000 9933.0000 10037.0000 10181.0000 
103.4000 10175.0000 10025.0000 9955.0000 9766.0000 10115.0000 10067.0000 10122.0000 10022.0000 
103.6000 10190.0000 10052.0000 9929.0000 9900.0000 10079.0000 10002.0000 10093.0000 10037.0000 
103.8000 10153.0000 10136.0000 10026.0000 9890.0000 9977.0000 9923.0000 10134.0000 10094.0000 
104.0000 10112.0000 10060.0000 10015.0000 9900.0000 10213.0000 10005.0000 10039.0000 9970.0000 
104.2000 10145.0000 9991.0000 10048.0000 10006.0000 10182.0000 9754.0000 10158.0000 10089.0000 
104.4000 10177.0000 10036.0000 10030.0000 10060.0000 10012.0000 10088.0000 10104.0000 10025.0000 
104.6000 10126.0000 9966.0000 10174.0000 9943.0000 9955.0000 9832.0000 10146.0000 10053.0000 
104.8000 10217.0000 9900.0000 10060.0000 9923.0000 10011.0000 10049.0000 10025.0000 9958.0000 
105.0000 10073.0000 10117.0000 10092.0000 9856.0000 10051.0000 9913.0000 10094.0000 10143.0000 
105.2000 10287.0000 10028.0000 9925.0000 9942.0000 10013.0000 9968.0000 10178.0000 10047.0000 
105.4000 10125.0000 9934.0000 10057.0000 9931.0000 10163.0000 10037.0000 10107.0000 10019.0000 
105.6000 10008.0000 9961.0000 10019.0000 10027.0000 9916.0000 9968.0000 10141.0000 10112.0000 
105.8000 10131.0000 10206.0000 9961.0000 10037.0000 9955.0000 10020.0000 9984.0000 10074.0000 
106.0000 10044.0000 9986.0000 10018.0000 9980.0000 10099.0000 9865.0000 9976.0000 10142.0000 
106.2000 10134.0000 10061.0000 9936.0000 9924.0000 9873.0000 9946.0000 10115.0000 10047.0000 
106.4000 10329.0000 9909.0000 9912.0000 9895.0000 10028.0000 9887.0000 10097.0000 10255.0000 
106.6000 10134.0000 10204.0000 9985.0000 9964.0000 10143.0000 9907.0000 10199.0000 9931.0000 
106.8000 10083.0000 10103.0000 10142.0000 9888.0000 9943.0000 9893.0000 10153.0000 10071.0000 
107.0000 10204.0000 9913.0000 9959.0000 9847.0000 10189.0000 10011.0000 10150.0000 10244.0000 
107.2000 10091.0000 9974.0000 10023.0000 9784.0000 10089.0000 10139.0000 10170.0000 10032.0000 
107.4000 10241.0000 10068.0000 10030.0000 10018.0000 10145.0000 10075.0000 9958.0000 10075.0000 
107.6000 10234.0000 9982.0000 9825.0000 9815.0000 10021.0000 10027.0000 10193.0000 10163.0000 
107.8000 10212.0000 9950.0000 9941.0000 9851.0000 9855.0000 10100.0000 10246.0000 9966.0000 
108.0000 10275.0000 10001.0000 9889.0000 10064.0000 9987.0000 10073.0000 10179.0000 9975.0000 
108.2000 10204.0000 9959.0000 10091.0000 9916.0000 10062.0000 10097.0000 10176.0000 9979.0000 
108.4000 10084.0000 9916.0000 9969.0000 10156.0000 9875.0000 9935.0000 10192.0000 10167.0000 
108.6000 10173.0000 10015.0000 10061.0000 9869.0000 9947.0000 9954.0000 10169.0000 10104.0000 
108.8000 10075.0000 10015.0000 9991.0000 9900.0000 10031.0000 9920.0000 10031.0000 10050.0000 
109.0000 10324.0000 10030.0000 10069.0000 9978.0000 10085.0000 10019.0000 10090.0000 10053.0000 
109.2000 10338.0000 9909.0000 10101.0000 9957.0000 10075.0000 9933.0000 10214.0000 10151.0000 
109.4000 10115.0000 10043.0000 10113.0000 9966.0000 9976.0000 9866.0000 10036.0000 10125.0000 
109.6000 10135.0000 10138.0000 9772.0000 9828.0000 9898.0000 9905.0000 9989.0000 10159.0000 
109.8000 10107.0000 9972.0000 10064.0000 10012.0000 9975.0000 9994.0000 10187.0000 10130.0000 
110.0000 10165.0000 10024.0000 10019.0000 9830.0000 9963.0000 10132.0000 10193.0000 10158.0000 
110.2000 10295.0000 10012.0000 10197.0000 9898.0000 10088.0000 10126.0000 10038.0000 10058.0000 
110.4000 10204.0000 10132.0000 10145.0000 10041.0000 9973.0000 10024.0000 10140.0000 10002.0000 
110.6000 10086.0000 9986.0000 10012.0000 9945.0000 10157.0000 10024.0000 10054.0000 10158.0000 
110.8000 9979.0000 10003.0000 9832.0000 9961.0000 10139.0000 10133.0000 9879.0000 10175.0000 
111.0000 10039.0000 10033.0000 9981.0000 10027.0000 9930.0000 9944.0000 10222.0000 10065.0000 
111.2000 10022.0000 9908.0000 9941.0000 10097.0000 9994.0000 9880.0000 10131.0000 10036.0000 
111.4000 10248.0000 9946.0000 10102.0000 9929.0000 10044.0000 10041.0000 10089.0000 10168.0000 
111.6000 10062.0000 9987.0000 9967.0000 9892.0000 9959.0000 10071.0000 10139.0000 10048.0000 
111.8000 10065.0000 9977.0000 10027.0000 9845.0000 10062.0000 10022.0000 10195.0000 10166.0000 
112.0000 10096.0000 10051.0000 9966.0000 9839.0000 10028.0000 10023.0000 10333.0000 10036.0000 
112.2000 10062.0000 10050.0000 10041.0000 9898.0000 10161.0000 9922.0000 10190.0000 10124.0000 
112.4000 10119.0000 10031.0000 9841.0000 10068.0000 10151.0000 9927.0000 10122.0000 9832.0000 
112.6000 10045.0000 10106.0000 10021.0000 9817.0000 9983.0000 9839.0000 10156.0000 10036.0000 
112.8000 10083.0000 9970.0000 10012.0000 9973.0000 10087.0000 9938.0000 9984.0000 10158.0000 
113.0000 10371.0000 10180.0000 10023.0000 10100.0000 10010.0000 9905.0000 10151.0000 10007.0000 
113.2000 10212.0000 9910.0000 10022.0000 10097.0000 10038.0000 9967.0000 10132.0000 10118.0000 
113.4000 10176.0000 10234.0000 9904.0000 9887.0000 10168.0000 10044.0000 10055.0000 10045.0000 
113.6000 10171.0000 9796.0000 9959.0000 9844.0000 10064.0000 9968.0000 10104.0000 10193.0000 
113.8000 10080.0000 10007.0000 10130.0000 9966.0000 10112.0000 10103.0000 9995.0000 10107.0000 
114.0000 10321.0000 10015.0000 10010.0000 10141.0000 10082.0000 9950.0000 9985.0000 9990.0000 
114.2000 10212.0000 10021.0000 9871.0000 9964.0000 10158.0000 9882.0000 10126.0000 9879.0000 
114.4000 10121.0000 10084.0000 10020.0000 10092.0000 10187.0000 10138.0000 10266.0000 10311.0000 
114.6000 10228.0000 10062.0000 10006.0000 9989.0000 9998.0000 9979.0000 10092.0000 10121.0000 
114.8000 10338.0000 10143.0000 9787.0000 10005.0000 10132.0000 9789.0000 10210.0000 10095.0000 
115.0000 10101.0000 10087.0000 9908.0000 10035.0000 10050.0000 10131.0000 10054.0000 10241.0000 
115.2000 10247.0000 10051.0000 9966.0000 9796.0000 10068.0000 9943.0000 10152.0000 10127.0000 
115.4000 10224.0000 10129.0000 9972.0000 10074.0000 10147.0000 10077.0000 10084.0000 9992.0000 
115.6000 10068.0000 9985.0000 9968.0000 10025.0000 10157.0000 10017.0000 10137.0000 10061.0000 
115.8000 10071.0000 10079.0000 10177.0000 10102.0000 10078.0000 9947.0000 10015.0000 10171.0000 
116.0000 10075.0000 10032.0000 9993.0000 9951.0000 10013.0000 9948.0000 10008.0000 10069.0000 
116.2000 10130.0000 10187.0000 9903.0000 10051.0000 10071.0000 9867.0000 9987.0000 9913.0000 
116.4000 10003.0000 9953.0000 9905.0000 9996.0000 10133.0000 10073.0000 9938.0000 10047.0000 
116.6000 10104.0000 10062.0000 9915.0000 10011.0000 9968.0000 10026.0000 9997.0000 10025.0000 
116.8000 10174.0000 10200.0000 10095.0000 9853.0000 10086.0000 10018.0000 10210.0000 10159.0000 
117.0000 10139.0000 9892.0000 10028.0000 9912.0000 10069.0000 10058.0000 10065.0000 10014.0000 
117.2000 10064.0000 10112.0000 10023.0000 9935.0000 10131.0000 10059.0000 9999.0000 10032.0000 
117.4000 10141.0000 9852.0000 10006.0000 9853.0000 10059.0000 10083.0000 9884.0000 9955.0000 
117.6000 10148.0000 9975.0000 10034.0000 9982.0000 10248.0000 9974.0000 10155.0000 10001.0000 
117.8000 10136.0000 10118.0000 9952.0000 9934.0000 10041.0000 10151.0000 10056.0000 9990.0000 
118.0000 10085.0000 10099.0000 10011.0000 9963.0000 10052.0000 9913.0000 10041.0000 10069.0000 
118.2000 10054.0000 10183.0000 10089.0000 10004.0000 9993.0000 10061.0000 10189.0000 9919.0000 
118.4000 10102.0000 9963.0000 10104.0000 9932.0000 10024.0000 10166.0000 10146.0000 10046.0000 
118.6000 10136.0000 9921.0000 9994.0000 9935.0000 9865.0000 9873.0000 10174.0000 10067.0000 
118.8000 10103.0000 9921.0000 9988.0000 9913.0000 9884.0000 10029.0000 10032.0000 10134.0000 
119.0000 10048.0000 9974.0000 9946.0000 9968.0000 10002.0000 10020.0000 10202.0000 10143.0000 
119.2000 10052.0000 9899.0000 9953.0000 10020.0000 9975.0000 9845.0000 10014.0000 10052.0000 
119.4000 9996.0000 10121.0000 9916.0000 9967.0000 10095.0000 9783.0000 10262.0000 10053.0000 
119.6000 10096.0000 9986.0000 10030.0000 10112.0000 10061.0000 9987.0000 10187.0000 10069.0000 
119.8000 10210.0000 10119.0000 9920.0000 10022.0000 10087.0000 10135.0000 10201.0000 10097.0000 
120.0000 10125.0000 10051.0000 9906.0000 9952.0000 10133.0000 10046.0000 10032.0000 10140.0000 
120.2000 10083.0000 9962.0000 9988.0000 9991.0000 10055.0000 10023.0000 10035.0000 10090.0000 
120.4000 10204.0000 10020.0000 10106.0000 9931.0000 10119.0000 10053.0000 10179.0000 9957.0000 
120.6000 10067.0000 10016.0000 10040.0000 9971.0000 9927.0000 9916.0000 10072.0000 10073.0000 
120.8000 10084.0000 9947.0000 9925.0000 10056.0000 10221.0000 10089.0000 10093.0000 10171.0000 
121.0000 10191.0000 10009.0000 10004.0000 10025.0000 10077.0000 10150.0000 10038.0000 10159.0000 
121.2000 10029.0000 9992.0000 9900.0000 10075.0000 10030.0000 9866.0000 9923.0000 10047.0000 
121.4000 9997.0000 10008.0000 9900.0000 9971.0000 10020.0000 10001.0000 10112.0000 10081.0000 
121.6000 10000.0000 10175.0000 10065.0000 10079.0000 9917.0000 9949.0000 10054.0000 9983.0000 
121.8000 10220.0000 9883.0000 10113.0000 10105.0000 10275.0000 9949.0000 10046.0000 10174.0000 
122.0000 10032.0000 10089.0000 9961.0000 9789.0000 10144.0000 9968.0000 10121.0000 10236.0000 
122.2000 10232.0000 10114.0000 9860.0000 9932.0000 10250.0000 9881.0000 10187.0000 10190.0000 
122.4000 10135.0000 10056.0000 9898.0000 9948.0000 10149.0000 9967.0000 10103.0000 10121.0000 
122.6000 10125.0000 10021.0000 10032.0000 9979.0000 10000.0000 10094.0000 10262.0000 10123.0000 
122.8000 10034.0000 9944.0000 10064.0000 9873.0000 9930.0000 9980.0000 9932.0000 10066.0000 
123.0000 10095.0000 10102.0000 10121.0000 9994.0000 9827.0000 9989.0000 10175.0000 10020.0000 
123.2000 10217.0000 10102.0000 10199.0000 9998.0000 10014.0000 10076.0000 10056.0000 9870.0000 
123.4000 10274.0000 9924.0000 9958.0000 9901.0000 9979.0000 9937.0000 10048.0000 9937.0000 
123.6000 10046.0000 9922.0000 10016.0000 9947.0000 9977.0000 9954.0000 10063.0000 10224.0000 
123.8000 10096.0000 10065.0000 10017.0000 10017.0000 10053.0000 10015.0000 9930.0000 10081.0000 
124.0000 10086.0000 9910.0000 9884.0000 9897.0000 10118.0000 10150.0000 10134.0000 10028.0000 
124.2000 10319.0000 10061.0000 9988.0000 10030.0000 9980.0000 9927.0000 10084.0000 10246.0000 
124.4000 10241.0000 9992.0000 10058.0000 9867.0000 10042.0000 10064.0000 10018.0000 10109.0000 
124.6000 9944.0000 10110.0000 9998.0000 9824.0000 10178.0000 9808.0000 10062.0000 10175.0000 
124.8000 10218.0000 10156.0000 10057.0000 10005.0000 9974.0000 9997.0000 10047.0000 10128.0000 
125.0000 10090.0000 10230.0000 9956.0000 10053.0000 10037.0000 10068.0000 10181.0000 10045.0000 
125.2000 10226.0000 9948.0000 10030.0000 10005.0000 10068.0000 9970.0000 10009.0000 10004.0000 
125.4000 10299.0000 10011.0000 9937.0000 9851.0000 9975.0000 9997.0000 10025.0000 9956.0000 
125.6000 10118.0000 10199.0000 10043.0000 9841.0000 10088.0000 10065.0000 10232.0000 10179.0000 
125.8000 10291.0000 10120.0000 10048.0000 10034.0000 10055.0000 10171.0000 10018.0000 10147.0000 
126.0000 10112.0000 10175.0000 9981.0000 9975.0000 9988.0000 9946.0000 10040.0000 9963.0000 
126.2000 10177.0000 10042.0000 9977.0000 9811.0000 10103.0000 9920.0000 10201.0000 10139.0000 
126.4000 10142.0000 9958.0000 9912.0000 9986.0000 10112.0000 10066.0000 10130.0000 10081.0000 
126.6000 10090.0000 9985.0000 9932.0000 9849.0000 10064.0000 10067.0000 10235.0000 10017.0000 
126.8000 10008.0000 9975.0000 9842.0000 9931.0000 10066.0000 10075.0000 10098.0000 10180.0000 
127.0000 10300.0000 10034.0000 9926.0000 9918.0000 10109.0000 10013.0000 10211.0000 10067.0000 
127.2000 10071.0000 10053.0000 9912.0000 10039.0000 9988.0000 9899.0000 10132.0000 10034.0000 
127.4000 10124.0000 9988.0000 10016.0000 10002.0000 9839.0000 9893.0000 10111.0000 10113.0000 
127.6000 10097.0000 10043.0000 9960.0000 9884.0000 10008.0000 10141.0000 10051.0000 10116.0000 
127.8000 10165.0000 9878.0000 10058.0000 9825.0000 10127.0000 10117.0000 10070.0000 9824.0000 
128.0000 10099.0000 10008.0000 10095.0000 9996.0000 10080.0000 9933.0000 10006.0000 10055.0000 
128.2000 9953.0000 10002.0000 9948.0000 10008.0000 10209.0000 10129.0000 10065.0000 9970.0000 
128.4000 10111.0000 10020.0000 9926.0000 9979.0000 10207.0000 10053.0000 10059.0000 10120.0000 
128.6000 10015.0000 10130.0000 10024.0000 9958.0000 10011.0000 9832.0000 10150.0000 10030.0000 
128.8000 10178.0000 10145.0000 9949.0000 9947.0000 9925.0000 10108.0000 10134.0000 10033.0000 
129.0000 10064.0000 9908.0000 9984.0000 10116.0000 10020.0000 10010.0000 10061.0000 10124.0000 
129.2000 10084.0000 9981.0000 9925.0000 10040.0000 10026.0000 9948.0000 10176.0000 10091.0000 
129.4000 10269.0000 9964.0000 9997.0000 9917.0000 10000.0000 9964.0000 10086.0000 10045.0000 
129.6000 10094.0000 10185.0000 9829.0000 10047.0000 10068.0000 9986.0000 10184.0000 10142.0000 
129.8000 10061.0000 10112.0000 10076.0000 9898.0000 10236.0000 10043.0000 10133.0000 10118.0000 
130.0000 10208.0000 10131.0000 9845.0000 9941.0000 9987.0000 10052.0000 10221.0000 10131.0000 
130.2000 10183.0000 9910.0000 9974.0000 9950.0000 10214.0000 9977.0000 10192.0000 9936.0000 
130.4000 10218.0000 9969.0000 9854.0000 9983.0000 10086.0000 9953.0000 10080.0000 9981.0000 
130.6000 10097.0000 10002.0000 9940.0000 9851.0000 10022.0000 10017.0000 10109.0000 10130.0000 
130.8000 10103.0000 9986.0000 10073.0000 9898.0000 10188.0000 9993.0000 10144.0000 10126.0000 
131.0000 9968.0000 9994.0000 9944.0000 9872.0000 10020.0000 9947.0000 10103.0000 10130.0000 
131.2000 10084.0000 9984.0000 10036.0000 9967.0000 10072.0000 10060.0000 10205.0000 10067.0000 
131.4000 10129.0000 10113.0000 9949.0000 9954.0000 10237.0000 10033.0000 10117.0000 10140.0000 
131.6000 10171.0000 9967.0000 9947.0000 9921.0000 10171.0000 9893.0000 10116.0000 10204.0000 
131.8000 10150.0000 9974.0000 10057.0000 9937.0000 10021.0000 9882.0000 10155.0000 10079.0000 
132.0000 10157.0000 10019.0000 10015.0000 9862.0000 10057.0000 10113.0000 10095.0000 10076.0000 
132.2000 10087.0000 10005.0000 10009.0000 9837.0000 10171.0000 9887.0000 10114.0000 10134.0000 
132.4000 10106.0000 10078.0000 10032.0000 9985.0000 10085.0000 9900.0000 10184.0000 9983.0000 
132.6000 10162.0000 10114.0000 9874.0000 10001.0000 9990.0000 9846.0000 10025.0000 10186.0000 
132.8000 10160.0000 9947.0000 10042.0000 9997.0000 9980.0000 10103.0000 10264.0000 10207.0000 
133.0000 10230.0000 10002.0000 10147.0000 10027.0000 10065.0000 9959.0000 10103.0000 9935.0000 
133.2000 10126.0000 9943.0000 9962.0000 9971.0000 10115.0000 9972.0000 10134.0000 10005.0000 
133.4000 10154.0000 10041.0000 9904.0000 10045.0000 10223.0000 10030.0000 10149.0000 9849.0000 
133.6000 10113.0000 10019.0000 9952.0000 9859.0000 9888.0000 9955.0000 10016.0000 10050.0000 
133.8000 10212.0000 10065.0000 9958.0000 9950.0000 9961.0000 10019.0000 10246.0000 10044.0000 
134.0000 10129.0000 9980.0000 9969.0000 9981.0000 10183.0000 10125.0000 10111.0000 10034.0000 
134.2000 9936.0000 9962.0000 9977.0000 9904.0000 10008.0000 9992.0000 10065.0000 9939.0000 
134.4000 10236.0000 10067.0000 10069.0000 9771.0000 9989.0000 10073.0000 10149.0000 9953.0000 
134.6000 10022.0000 10074.0000 9950.0000 9866.0000 10001.0000 9978.0000 9968.0000 9911.0000 
134.8000 10039.0000 9978.0000 9931.0000 9947.0000 10140.0000 9846.0000 9992.0000 10117.0000 
135.0000 10107.0000 9959.0000 9981.0000 9918.0000 10079.0000 10013.0000 10031.0000 10024.0000 
135.2000 10227.0000 9890.0000 10153.0000 9956.0000 9973.0000 10085.0000 10097.0000 10048.0000 
135.4000 10128.0000 10091.0000 9934.0000 10070.0000 10020.0000 9950.0000 10134.0000 9931.0000 
135.6000 10111.0000 10054.0000 10024.0000 10035.0000 10211.0000 9966.0000 10100.0000 9880.0000 
135.8000 10146.0000 10065.0000 10080.0000 10049.0000 10053.0000 9959.0000 10134.0000 9841.0000 
136.0000 10154.0000 10070.0000 10012.0000 9910.0000 10096.0000 10010.0000 10205.0000 9973.0000 
136.2000 10181.0000 10056.0000 10008.0000 9918.0000 9982.0000 9964.0000 10092.0000 9948.0000 
136.4000 10174.0000 10054.0000 9823.0000 10139.0000 9857.0000 9987.0000 10131.0000 9931.0000 
136.6000 10251.0000 10048.0000 10049.0000 9900.0000 10047.0000 9956.0000 10025.0000 9980.0000 
136.8000 10169.0000 10036.0000 9923.0000 10137.0000 9990.0000 10217.0000 10118.0000 10024.0000 
137.0000 10110.0000 10020.0000 9879.0000 9835.0000 9994.0000 9937.0000 10162.0000 10080.0000 
137.2000 9954.0000 9965.0000 10020.0000 9881.0000 9890.0000 9946.0000 9976.0000 10041.0000 
137.4000 10257.0000 10122.0000 10061.0000 9976.0000 9936.0000 9951.0000 10032.0000 10017.0000 
137.6000 9976.0000 9902.0000 9955.0000 9814.0000 10109.0000 9971.0000 10176.0000 10217.0000 
137.8000 10258.0000 10023.0000 10046.0000 9916.0000 10131.0000 9970.0000 10198.0000 10224.0000 
138.0000 10112.0000 10036.0000 9938.0000 9908.0000 9987.0000 10003.0000 9988.0000 10003.0000 
138.2000 10033.0000 10140.0000 9985.0000 9918.0000 10054.0000 10027.0000 10132.0000 10037.0000 
138.4000 10067.0000 10135.0000 9867.0000 9918.0000 10051.0000 9998.0000 10186.0000 10075.0000 
138.6000 10154.0000 10009.0000 9890.0000 9916.0000 10007.0000 9903.0000 10187.0000 10141.0000 
138.8000 10107.0000 10103.0000 9916.0000 9992.0000 10028.0000 10059.0000 10104.0000 10123.0000 
139.0000 10164.0000 10138.0000 10131.0000 9949.0000 10080.0000 10133.0000 10161.0000 10030.0000 
139.2000 10210.0000 10130.0000 9849.0000 9810.0000 10068.0000 10175.0000 10147.0000 10120.0000 
139.4000 10135.0000 10158.0000 9952.0000 10005.0000 9971.0000 10044.0000 10095.0000 10056.0000 
139.6000 10075.0000 10002.0000 10016.0000 9971.0000 9964.0000 9963.0000 10177.0000 10005.0000 
139.8000 10159.0000 10161.0000 9846.0000 9832.0000 9964.0000 9803.0000 10165.0000 10045.0000 
140.0000 10273.0000 10084.0000 10017.0000 9966.0000 10139.0000 9932.0000 10151.0000 10081.0000 
140.2000 10091.0000 10056.0000 9897.0000 9934.0000 10089.0000 9943.0000 10045.0000 9875.0000 
140.4000 10109.0000 10088.0000 9947.0000 9840.0000 9991.0000 9970.0000 10138.0000 9967.0000 
140.6000 10131.0000 10018.0000 9962.0000 9936.0000 9900.0000 9863.0000 10071.0000 10063.0000 
140.8000 10339.0000 10119.0000 10034.0000 9846.0000 10001.0000 9899.0000 10145.0000 10082.0000 
141.0000 10279.0000 10080.0000 9887.0000 9958.0000 10060.0000 10029.0000 10034.0000 9801.0000 
141.2000 10135.0000 9909.0000 9856.0000 9937.0000 10056.0000 9974.0000 10001.0000 10050.0000 
141.4000 10061.0000 10138.0000 9904.0000 10030.0000 10089.0000 9929.0000 9984.0000 10126.0000 
141.6000 10138.0000 10086.0000 9925.0000 9913.0000 9978.0000 9923.0000 10080.0000 10023.0000 
141.8000 10089.0000 9976.0000 9923.0000 9969.0000 10136.0000 10034.0000 10080.0000 10059.0000 
142.0000 10084.0000 9867.0000 10019.0000 10196.0000 10163.0000 10123.0000 9918.0000 10047.0000 
142.2000 9929.0000 9928.0000 9906.0000 9992.0000 10015.0000 10046.0000 10110.0000 10051.0000 
142.4000 10058.0000 9989.0000 10062.0000 9976.0000 9947.0000 10016.0000 10047.0000 10003.0000 
142.6000 10129.0000 10043.0000 9941.0000 9885.0000 9939.0000 10073.0000 10103.0000 10184.0000 
142.8000 10332.0000 10018.0000 9997.0000 9844.0000 9999.0000 10062.0000 10168.0000 10086.0000 
143.0000 10230.0000 9842.0000 10062.0000 10024.0000 9897.0000 9926.0000 10034.0000 10059.0000 
143.2000 10328.0000 9904.0000 9991.0000 9890.0000 10155.0000 9999.0000 10113.0000 9972.0000 
143.4000 10070.0000 9918.0000 10046.0000 10049.0000 10080.0000 9942.0000 10189.0000 10053.0000 
143.6000 10027.0000 10085.0000 10109.0000 10079.0000 9943.0000 9952.0000 10113.0000 10114.0000 
143.8000 10187.0000 10038.0000 9921.0000 9975.0000 9977.0000 9780.0000 10134.0000 10023.0000 
144.0000 10149.0000 10003.0000 10040.0000 9925.0000 9929.0000 9965.0000 10095.0000 9989.0000 
144.2000 10322.0000 10071.0000 10061.0000 9909.0000 10020.0000 9908.0000 10056.0000 9966.0000 
144.4000 10066.0000 9999.0000 9992.0000 9771.0000 9956.0000 9909.0000 10130.0000 10054.0000 
144.6000 10012.0000 9919.0000 9991.0000 9844.0000 10203.0000 10063.0000 9977.0000 10133.0000 
144.8000 10192.0000 10164.0000 10004.0000 9996.0000 10109.0000 10038.0000 10093.0000 10113.0000 
145.0000 10143.0000 9963.0000 9843.0000 9912.0000 9847.0000 9986.0000 10024.0000 10019.0000 
145.2000 9992.0000 10109.0000 9854.0000 10029.0000 10108.0000 9911.0000 10222.0000 10014.0000 
145.4000 10048.0000 10125.0000 10055.0000 9940.0000 10137.0000 10003.0000 10020.0000 10116.0000 
145.6000 10173.0000 10049.0000 9960.0000 9998.0000 10067.0000 9915.0000 10156.0000 9888.0000 
145.8000 10081.0000 9928.0000 10149.0000 9898.0000 10092.0000 10058.0000 9977.0000 9870.0000 
146.0000 10085.0000 10053.0000 10028.0000 9850.0000 10053.0000 9883.0000 10246.0000 10190.0000 
146.2000 10140.0000 10005.0000 9908.0000 10056.0000 9991.0000 10046.0000 10242.0000 10113.0000 
146.4000 10121.0000 10129.0000 9911.0000 9952.0000 10087.0000 10048.0000 10129.0000 10029.0000 
146.6000 10146.0000 10135.0000 9852.0000 9902.0000 10093.0000 9885.0000 10010.0000 10130.0000 
146.8000 10209.0000 9980.0000 10015.0000 10060.0000 9978.0000 9818.0000 10141.0000 10142.0000 
147.0000 10053.0000 10030.0000 9872.0000 10000.0000 9896.0000 9963.0000 10152.0000 10061.0000 
147.2000 10047.0000 10181.0000 10011.0000 9895.0000 9996.0000 9940.0000 10124.0000 10089.0000 
147.4000 10190.0000 9992.0000 9911.0000 9921.0000 10186.0000 10116.0000 10082.0000 10008.0000 
147.6000 10009.0000 9965.0000 9970.0000 9907.0000 10053.0000 9903.0000 10074.0000 9994.0000 
147.8000 9991.0000 10122.0000 10083.0000 9979.0000 10071.0000 10001.0000 10275.0000 10039.0000 
148.0000 10175.0000 10077.0000 10031.0000 9918.0000 10069.0000 9939.0000 10119.0000 10291.0000 
148.2000 10328.0000 9979.0000 9910.0000 9972.0000 10091.0000 9980.0000 10310.0000 10051.0000 
148.4000 10227.0000 9808.0000 10067.0000 9950.0000 10054.0000 9985.0000 10222.0000 10059.0000 
148.6000 10376.0000 9986.0000 10103.0000 10027.0000 10052.0000 9901.0000 10094.0000 9885.0000 
148.8000 10164.0000 10028.0000 9993.0000 10022.0000 9919.0000 9891.0000 10131.0000 9987.0000 
149.0000 10116.0000 10084.0000 10138.0000 10078.0000 10119.0000 10029.0000 10086.0000 10032.0000 
149.2000 10192.0000 10129.0000 10061.0000 9878.0000 10086.0000 9977.0000 9920.0000 10130.0000 
149.4000 10112.0000 9950.0000 10019.0000 9870.0000 9935.0000 9987.0000 10058.0000 9952.0000 
149.6000 10194.0000 10115.0000 10169.0000 9864.0000 9983.0000 10018.0000 9898.0000 10008.0000 
149.8000 10076.0000 10113.0000 10016.0000 9999.0000 9923.0000 10083.0000 10124.0000 10013.0000 
150.0000 10166.0000 9913.0000 9859.0000 10164.0000 10053.0000 10007.0000 10140.0000 10082.0000 
150.2000 10187.0000 10085.0000 10158.0000 9846.0000 9924.0000 9884.0000 9959.0000 9812.0000 
150.4000 10113.0000 9996.0000 9998.0000 9933.0000 9984.0000 10028.0000 10104.0000 10003.0000 
150.6000 10128.0000 10076.0000 10013.0000 9951.0000 10071.0000 9850.0000 9963.0000 10038.0000 
150.8000 9973.0000 9991.0000 9950.0000 9832.0000 9959.0000 10070.0000 10226.0000 10098.0000 
151.0000 10131.0000 10071.0000 10027.0000 9910.0000 9908.0000 10043.0000 10019.0000 9920.0000 
151.2000 10106.0000 10147.0000 10011.0000 9882.0000 9951.0000 10022.0000 10178.0000 10095.0000 
151.4000 10199.0000 10019.0000 9935.0000 9971.0000 10040.0000 10193.0000 10030.0000 10024.0000 
151.6000 10300.0000 10028.0000 9864.0000 9738.0000 10080.0000 10040.0000 10123.0000 10148.0000 
151.8000 10116.0000 10078.0000 10147.0000 9906.0000 10110.0000 10100.0000 10097.0000 9943.0000 
152.0000 10058.0000 10112.0000 10016.0000 9888.0000 10073.0000 10123.0000 10025.0000 9928.0000 
152.2000 10157.0000 10068.0000 9969.0000 9928.0000 10169.0000 10003.0000 10231.0000 10017.0000 
152.4000 10114.0000 9959.0000 10065.0000 9956.0000 10174.0000 9915.0000 10096.0000 9989.0000 
152.6000 10059.0000 10139.0000 10025.0000 9761.0000 9980.0000 10030.0000 10138.0000 9935.0000 
152.8000 10086.0000 10057.0000 10045.0000 9976.0000 10109.0000 10039.0000 9939.0000 10264.0000 
153.0000 10254.0000 10121.0000 10075.0000 9971.0000 10134.0000 10073.0000 10134.0000 10107.0000 
153.2000 10120.0000 10048.0000 10063.0000 9855.0000 10076.0000 10054.0000 10125.0000 10021.0000 
153.4000 10090.0000 10139.0000 10123.0000 9953.0000 10055.0000 10026.0000 9947.0000 10217.0000 
153.6000 10131.0000 9988.0000 9883.0000 10034.0000 10023.0000 10090.0000 9973.0000 9967.0000 
153.8000 10101.0000 10127.0000 10108.0000 9939.0000 9923.0000 9963.0000 10069.0000 9938.0000 
154.0000 10039.0000 9923.0000 9982.0000 9975.0000 10163.0000 9899.0000 10155.0000 9983.0000 
154.2000 10183.0000 10033.0000 9859.0000 10092.0000 10109.0000 10011.0000 9978.0000 9887.0000 
154.4000 10080.0000 10002.0000 10043.0000 9976.0000 9900.0000 10103.0000 10023.0000 9928.0000 
154.6000 10120.0000 10023.0000 9980.0000 9963.0000 10124.0000 10025.0000 9968.0000 10084.0000 
154.8000 9981.0000 10002.0000 9903.0000 10017.0000 10095.0000 9942.0000 10067.0000 10174.0000 
155.0000 9954.0000 10056.0000 9970.0000 10102.0000 10057.0000 10061.0000 10013.0000 9855.0000 
155.2000 10069.0000 10038.0000 10017.0000 9970.0000 10169.0000 9955.0000 10105.0000 10063.0000 
155.4000 10062.0000 10107.0000 9833.0000 9977.0000 10162.0000 9888.0000 9914.0000 9956.0000 
155.6000 10032.0000 9975.0000 9972.0000 9967.0000 9992.0000 9985.0000 10156.0000 10022.0000 
155.8000 10056.0000 10046.0000 9903.0000 9950.0000 9907.0000 10000.0000 10014.0000 10014.0000 
156.0000 10054.0000 10036.0000 9969.0000 9982.0000 10190.0000 9828.0000 10009.0000 10084.0000 
156.2000 10103.0000 9906.0000 9985.0000 9921.0000 9976.0000 10087.0000 10115.0000 10124.0000 
156.4000 10024.0000 10124.0000 9942.0000 9969.0000 10094.0000 10143.0000 10093.0000 9921.0000 
156.6000 10030.0000 10047.0000 9904.0000 9965.0000 10051.0000 10014.0000 10101.0000 10142.0000 
156.8000 10244.0000 9984.0000 9986.0000 9878.0000 10241.0000 9955.0000 10164.0000 10158.0000 
157.0000 10039.0000 10042.0000 9851.0000 9866.0000 9911.0000 10126.0000 9919.0000 10128.0000 
157.2000 10265.0000 9965.0000 10001.0000 9918.0000 10111.0000 9963.0000 10159.0000 10031.0000 
157.4000 10255.0000 10049.0000 9833.0000 10139.0000 10024.0000 10137.0000 10009.0000 9859.0000 
157.6000 10039.0000 10022.0000 10070.0000 9717.0000 9931.0000 9995.0000 10009.0000 9994.0000 
157.8000 10085.0000 10169.0000 9936.0000 10135.0000 10070.0000 10082.0000 10060.0000 9924.0000 
158.0000 10193.0000 10043.0000 10090.0000 9917.0000 9964.0000 10069.0000 9999.0000 10188.0000 
158.2000 10138.0000 10125.0000 10084.0000 10111.0000 10139.0000 10039.0000 9996.0000 9992.0000 
158.4000 10150.0000 9908.0000 9884.0000 9852.0000 10129.0000 9943.0000 10252.0000 10029.0000 
158.6000 10219.0000 10172.0000 10016.0000 9960.0000 10180.0000 10021.0000 10248.0000 10197.0000 
158.8000 10100.0000 10095.0000 9940.0000 10058.0000 9931.0000 10001.0000 10131.0000 10049.0000 
159.0000 10001.0000 10079.0000 9981.0000 10030.0000 10120.0000 9976.0000 10016.0000 10050.0000 
159.2000 10127.0000 10176.0000 9970.0000 9870.0000 10142.0000 10138.0000 10096.0000 10107.0000 
159.4000 10081.0000 9813.0000 9997.0000 10128.0000 10102.0000 9924.0000 10148.0000 9963.0000 
159.6000 10109.0000 10084.0000 10065.0000 9899.0000 9990.0000 10068.0000 10203.0000 9941.0000 
159.8000 10045.0000 10092.0000 10097.0000 9787.0000 9824.0000 9944.0000 10083.0000 10068.0000 
160.0000 10238.0000 9855.0000 10012.0000 9872.0000 10027.0000 10022.0000 10208.0000 10028.0000 
160.2000 10076.0000 10126.0000 9859.0000 10061.0000 10076.0000 9994.0000 10053.0000 10059.0000 
160.4000 10334.0000 10092.0000 9913.0000 9989.0000 10119.0000 9927.0000 10198.0000 10058.0000 
160.6000 10011.0000 10021.0000 9970.0000 9935.0000 10110.0000 9904.0000 10026.0000 10021.0000 
160.8000 10076.0000 10140.0000 9946.0000 9886.0000 10046.0000 9889.0000 9936.0000 10042.0000 
161.0000 10049.0000 10062.0000 10056.0000 10015.0000 9997.0000 9895.0000 10003.0000 10041.0000 
161.2000 10289.0000 9994.0000 9866.0000 10023.0000 10106.0000 10209.0000 10155.0000 10073.0000 
161.4000 10074.0000 10083.0000 9908.0000 9900.0000 9913.0000 10121.0000 10154.0000 9914.0000 
161.6000 10012.0000 9949.0000 9912.0000 9878.0000 10160.0000 9942.0000 10064.0000 10177.0000 
161.8000 10175.0000 9977.0000 9937.0000 9963.0000 10072.0000 9963.0000 10091.0000 10092.0000 
162.0000 10102.0000 9986.0000 10194.0000 10039.0000 10003.0000 10066.0000 10132.0000 10074.0000 
162.2000 10147.0000 10047.0000 9811.0000 9867.0000 9880.0000 10047.0000 10264.0000 9929.0000 
162.4000 10124.0000 10135.0000 10031.0000 9997.0000 10130.0000 9991.0000 10069.0000 9972.0000 
162.6000 10049.0000 10068.0000 10072.0000 10001.0000 9947.0000 10126.0000 10126.0000 10118.0000 
162.8000 10144.0000 10048.0000 10025.0000 9889.0000 10067.0000 9995.0000 10125.0000 9931.0000 
163.0000 10230.0000 10102.0000 10088.0000 10013.0000 10137.0000 9815.0000 10080.0000 9997.0000 
163.2000 10195.0000 10123.0000 9937.0000 9937.0000 9967.0000 9978.0000 9980.0000 10021.0000 
163.4000 10229.0000 10101.0000 9859.0000 9934.0000 10130.0000 9989.0000 10066.0000 10057.0000 
163.6000 10098.0000 10011.0000 9997.0000 9957.0000 10089.0000 9933.0000 9996.0000 10063.0000 
163.8000 9982.0000 10117.0000 9974.0000 9941.0000 9985.0000 9980.0000 9996.0000 10064.0000 
164.0000 10071.0000 9906.0000 10072.0000 9997.0000 10041.0000 10043.0000 10154.0000 9973.0000 
164.2000 10191.0000 10017.0000 9985.0000 10111.0000 10248.0000 9899.0000 10265.0000 9932.0000 
164.4000 10155.0000 10199.0000 10024.0000 10112.0000 10113.0000 10024.0000 10211.0000 10069.0000 
164.6000 10176.0000 10121.0000 9926.0000 10035.0000 10130.0000 10056.0000 10047.0000 9936.0000 
164.8000 10168.0000 10154.0000 10118.0000 9997.0000 10179.0000 9929.0000 10104.0000 10025.0000 
165.0000 10158.0000 10164.0000 10095.0000 9910.0000 10161.0000 10082.0000 10123.0000 10074.0000 
165.2000 10069.0000 10027.0000 9968.0000 9904.0000 10018.0000 9827.0000 10184.0000 10014.0000 
165.4000 10140.0000 10028.0000 10087.0000 10165.0000 10044.0000 9893.0000 9971.0000 10001.0000 
165.6000 10023.0000 9913.0000 10033.0000 10101.0000 10122.0000 9902.0000 9979.0000 10174.0000 
165.8000 10203.0000 9932.0000 9941.0000 10020.0000 9965.0000 9777.0000 10067.0000 10144.0000 
166.0000 10015.0000 10009.0000 9889.0000 9980.0000 10086.0000 10025.0000 10081.0000 10131.0000 
166.2000 10227.0000 9995.0000 10216.0000 10049.0000 10011.0000 9981.0000 10184.0000 10058.0000 
166.4000 10198.0000 9963.0000 10039.0000 10074.0000 9950.0000 10034.0000 10188.0000 10003.0000 
166.6000 9971.0000 10142.0000 9923.0000 10014.0000 10007.0000 10105.0000 10215.0000 10057.0000 
166.8000 10033.0000 9966.0000 9880.0000 9885.0000 9984.0000 9889.0000 10063.0000 10053.0000 
167.0000 10091.0000 10193.0000 10169.0000 9908.0000 10016.0000 9908.0000 9957.0000 10074.0000 
167.2000 9912.0000 9899.0000 9861.0000 9952.0000 10167.0000 9979.0000 10010.0000 10049.0000 
167.4000 10152.0000 9975.0000 10054.0000 10023.0000 9957.0000 9926.0000 10179.0000 10085.0000 
167.6000 10050.0000 9943.0000 10009.0000 9907.0000 10088.0000 9928.0000 10055.0000 10100.0000 
167.8000 10129.0000 9883.0000 9765.0000 10008.0000 9960.0000 9963.0000 10041.0000 9969.0000 
168.0000 10232.0000 10039.0000 10074.0000 9953.0000 9905.0000 9953.0000 9962.0000 9970.0000 
168.2000 10093.0000 9990.0000 9858.0000 9968.0000 10094.0000 10050.0000 9889.0000 10075.0000 
168.4000 10039.0000 9931.0000 9898.0000 9884.0000 10110.0000 10013.0000 10004.0000 10102.0000 
168.6000 10073.0000 9969.0000 9892.0000 9831.0000 10055.0000 10027.0000 9941.0000 10207.0000 
168.8000 10230.0000 10116.0000 9942.0000 9987.0000 9989.0000 9944.0000 10003.0000 10024.0000 
169.0000 10166.0000 10097.0000 9978.0000 9887.0000 9963.0000 9980.0000 10105.0000 10160.0000 
169.2000 10083.0000 9836.0000 9864.0000 9731.0000 10084.0000 10046.0000 10012.0000 9969.0000 
169.4000 10128.0000 9971.0000 9881.0000 9999.0000 9901.0000 9989.0000 10097.0000 9921.0000 
169.6000 10175.0000 9976.0000 9829.0000 9737.0000 9857.0000 10004.0000 10077.0000 10152.0000 
169.8000 10114.0000 9986.0000 10026.0000 9881.0000 10028.0000 10104.0000 10048.0000 10020.0000 
170.0000 10174.0000 9889.0000 9967.0000 9952.0000 10032.0000 10046.0000 10124.0000 9864.0000 
170.2000 10111.0000 9896.0000 9751.0000 10099.0000 10125.0000 9979.0000 10179.0000 10016.0000 
170.4000 10198.0000 10107.0000 10044.0000 10032.0000 10061.0000 9860.0000 10176.0000 10119.0000 
170.6000 10061.0000 9927.0000 10040.0000 10010.0000 10141.0000 10024.0000 10189.0000 9890.0000 
170.8000 10164.0000 10107.0000 9836.0000 9894.0000 10136.0000 9896.0000 9999.0000 10089.0000 
171.0000 10057.0000 10208.0000 9983.0000 9855.0000 10098.0000 9976.0000 10078.0000 10167.0000 
171.2000 10060.0000 10052.0000 9975.0000 10019.0000 9897.0000 9971.0000 10180.0000 10140.0000 
171.4000 9943.0000 10083.0000 10168.0000 9981.0000 10036.0000 10001.0000 10208.0000 10036.0000 
171.6000 10116.0000 10033.0000 9961.0000 10045.0000 10109.0000 9950.0000 9996.0000 10027.0000 
171.8000 10140.0000 10056.0000 9893.0000 10003.0000 10097.0000 9913.0000 9844.0000 9975.0000 
172.0000 10116.0000 10023.0000 10001.0000 9944.0000 10184.0000 10057.0000 10076.0000 10030.0000 
172.2000 10034.0000 10140.0000 10020.0000 9939.0000 9912.0000 10003.0000 10133.0000 10140.0000 
172.4000 9919.0000 10044.0000 10019.0000 9917.0000 10152.0000 10077.0000 10116.0000 9943.0000 
172.6000 10220.0000 10118.0000 10081.0000 9972.0000 10094.0000 10091.0000 10296.0000 9920.0000 
172.8000 10133.0000 10129.0000 10020.0000 9962.0000 10077.0000 10079.0000 10211.0000 10146.0000 
173.0000 10119.0000 9933.0000 10001.0000 9917.0000 10096.0000 9954.0000 10177.0000 10131.0000 
173.2000 9962.0000 10094.0000 9936.0000 10012.0000 9965.0000 10041.0000 10085.0000 9850.0000 
173.4000 10088.0000 10151.0000 9932.0000 9928.0000 10019.0000 9942.0000 9965.0000 10111.0000 
173.6000 10062.0000 10075.0000 9952.0000 10040.0000 9938.0000 10000.0000 10229.0000 10081.0000 
173.8000 10284.0000 9940.0000 10119.0000 10026.0000 10033.0000 10062.0000 10078.0000 9905.0000 
174.0000 10142.0000 10001.0000 9880.0000 9896.0000 10092.0000 10048.0000 10046.0000 10136.0000 
174.2000 10145.0000 9912.0000 9871.0000 9904.0000 10017.0000 9909.0000 10143.0000 9987.0000 
174.4000 10174.0000 9826.0000 9771.0000 9989.0000 10106.0000 10126.0000 10090.0000 10099.0000 
174.6000 10124.0000 10005.0000 9943.0000 9909.0000 10038.0000 10086.0000 10167.0000 10016.0000 
174.8000 10196.0000 10002.0000 9879.0000 9946.0000 10051.0000 9990.0000 10207.0000 10069.0000 
175.0000 10076.0000 10182.0000 10030.0000 10086.0000 10004.0000 9810.0000 10073.0000 10020.0000 
175.2000 10063.0000 9985.0000 10104.0000 10040.0000 9978.0000 9981.0000 10045.0000 10016.0000 
175.4000 10085.0000 9862.0000 10139.0000 9963.0000 10002.0000 9932.0000 10008.0000 10028.0000 
175.6000 10018.0000 9985.0000 9867.0000 9885.0000 9996.0000 10049.0000 10147.0000 10169.0000 
175.8000 10055.0000 10002.0000 9941.0000 9915.0000 10009.0000 9909.0000 10119.0000 9986.0000 
176.0000 10130.0000 10118.0000 9966.0000 9926.0000 10137.0000 10044.0000 10142.0000 9861.0000 
176.2000 10048.0000 10094.0000 9924.0000 9978.0000 9971.0000 10001.0000 10134.0000 10055.0000 
176.4000 10113.0000 10060.0000 9994.0000 9999.0000 9905.0000 9910.0000 10249.0000 10064.0000 
176.6000 10279.0000 10076.0000 10073.0000 9879.0000 9928.0000 10132.0000 10122.0000 10047.0000 
176.8000 10129.0000 10077.0000 9864.0000 10052.0000 10166.0000 9973.0000 10066.0000 9979.0000 
177.0000 10140.0000 10126.0000 9997.0000 9949.0000 9975.0000 10059.0000 10261.0000 9991.0000 
177.2000 10033.0000 9972.0000 9925.0000 9936.0000 10223.0000 9905.0000 10073.0000 9983.0000 
177.4000 10119.0000 10088.0000 10023.0000 9831.0000 10184.0000 9907.0000 10174.0000 10090.0000 
177.6000 10036.0000 10077.0000 9908.0000 10017.0000 10100.0000 9956.0000 10141.0000 10047.0000 
177.8000 10170.0000 10195.0000 10098.0000 9971.0000 10101.0000 10101.0000 10235.0000 10249.0000 
178.0000 10035.0000 9939.0000 10025.0000 10029.0000 10115.0000 9893.0000 9982.0000 10099.0000 
178.2000 10171.0000 10059.0000 9910.0000 9843.0000 10002.0000 10010.0000 10134.0000 9895.0000 
178.4000 10193.0000 9972.0000 10107.0000 10017.0000 10085.0000 9942.0000 10068.0000 10100.0000 
178.6000 10089.0000 10121.0000 10014.0000 10068.0000 9999.0000 10121.0000 10050.0000 10023.0000 
178.8000 10096.0000 10143.0000 9921.0000 9975.0000 10078.0000 9998.0000 9995.0000 10050.0000 
179.0000 10149.0000 10013.0000 9974.0000 9975.0000 9973.0000 10094.0000 9832.0000 10047.0000 
179.2000 10226.0000 10032.0000 9883.0000 10123.0000 10063.0000 10112.0000 10169.0000 10151.0000 
179.4000 10156.0000 10017.0000 9892.0000 9870.0000 10041.0000 9855.0000 10002.0000 9963.0000 
179.6000 10047.0000 9962.0000 9930.0000 9944.0000 10016.0000 9814.0000 10131.0000 9910.0000 
179.8000 10116.0000 10018.0000 10128.0000 10044.0000 10071.0000 9867.0000 10150.0000 9918.0000 
180.0000 10185.0000 10079.0000 9980.0000 9865.0000 9997.0000 10111.0000 10243.0000 10036.0000 
180.2000 9977.0000 10014.0000 9752.0000 10032.0000 9975.0000 9936.0000 10168.0000 10059.0000 
180.4000 10316.0000 9912.0000 9988.0000 9987.0000 10144.0000 9991.0000 9875.0000 9906.0000 
180.6000 9969.0000 10044.0000 9979.0000 10065.0000 9997.0000 10028.0000 10064.0000 9953.0000 
180.8000 9952.0000 9942.0000 9954.0000 9833.0000 9894.0000 10090.0000 10115.0000 10083.0000 
181.0000 9960.0000 9940.0000 9921.0000 9968.0000 10015.0000 9910.0000 10138.0000 9849.0000 
181.2000 9948.0000 10045.0000 10045.0000 9886.0000 9926.0000 9879.0000 9950.0000 10008.0000 
181.4000 10003.0000 9942.0000 9927.0000 9838.0000 9900.0000 9935.0000 10021.0000 10160.0000 
181.6000 10247.0000 10032.0000 9953.0000 9784.0000 10183.0000 9981.0000 10001.0000 9876.0000 
181.8000 10075.0000 9890.0000 10081.0000 10007.0000 9927.0000 9959.0000 9974.0000 10153.0000 
182.0000 10142.0000 9996.0000 10092.0000 9937.0000 10241.0000 10073.0000 10244.0000 9987.0000 
182.2000 10199.0000 10066.0000 9901.0000 9887.0000 9808.0000 9797.0000 10100.0000 9884.0000 
182.4000 10189.0000 10012.0000 10189.0000 9998.0000 9941.0000 9954.0000 10071.0000 10196.0000 
182.6000 10075.0000 9918.0000 10053.0000 9830.0000 9946.0000 9963.0000 10053.0000 10032.0000 
182.8000 10140.0000 9964.0000 9987.0000 10084.0000 9996.0000 10092.0000 10083.0000 10053.0000 
183.0000 10042.0000 10033.0000 9908.0000 9860.0000 9998.0000 10015.0000 9988.0000 9963.0000 
183.2000 10140.0000 10088.0000 9935.0000 9998.0000 9977.0000 10065.0000 10170.0000 10101.0000 
183.4000 10158.0000 10012.0000 9822.0000 10065.0000 9905.0000 9926.0000 10132.0000 9959.0000 
183.6000 10086.0000 9991.0000 10075.0000 9895.0000 9968.0000 9947.0000 10098.0000 10051.0000 
183.8000 10093.0000 10123.0000 9951.0000 10008.0000 10000.0000 9943.0000 10183.0000 10063.0000 
184.0000 10056.0000 10129.0000 9984.0000 10066.0000 10068.0000 9965.0000 10148.0000 9900.0000 
184.2000 10174.0000 10140.0000 10304.0000 10158.0000 10333.0000 10107.0000 10305.0000 10229.0000 
184.4000 10301.0000 10371.0000 10275.0000 10120.0000 10318.0000 10177.0000 10310.0000 10280.0000 
184.6000 10148.0000 10088.0000 10175.0000 10009.0000 10159.0000 9937.0000 10015.0000 10069.0000 
184.8000 10270.0000 10137.0000 9891.0000 9951.0000 9985.0000 10031.0000 10073.0000 10188.0000 
185.0000 10137.0000 9991.0000 10081.0000 9877.0000 9964.0000 9976.0000 10021.0000 10163.0000 
185.2000 10215.0000 9973.0000 10090.0000 10041.0000 9936.0000 10098.0000 9817.0000 10007.0000 
185.4000 10010.0000 10062.0000 9831.0000 9835.0000 9931.0000 9956.0000 9963.0000 10062.0000 
185.6000 9978.0000 10158.0000 9995.0000 9856.0000 10106.0000 10033.0000 10009.0000 9990.0000 
185.8000 10182.0000 9969.0000 9901.0000 9840.0000 10177.0000 9709.0000 10060.0000 10135.0000 
186.0000 10151.0000 10063.0000 9882.0000 9891.0000 9978.0000 10044.0000 10024.0000 10020.0000 
186.2000 10192.0000 10089.0000 9998.0000 10051.0000 10071.0000 10031.0000 10187.0000 9974.0000 
186.4000 10042.0000 9970.0000 9894.0000 10016.0000 10132.0000 10041.0000 10220.0000 9962.0000 
186.6000 10200.0000 9977.0000 9976.0000 9919.0000 10128.0000 10061.0000 10214.0000 9958.0000 
186.8000 10266.0000 9915.0000 10071.0000 9895.0000 10004.0000 10102.0000 9868.0000 10011.0000 
187.0000 10165.0000 9951.0000 9828.0000 10099.0000 9947.0000 9896.0000 9969.0000 10084.0000 
187.2000 10130.0000 9850.0000 9900.0000 9894.0000 10106.0000 9934.0000 10107.0000 9866.0000 
187.4000 10175.0000 9980.0000 10103.0000 9885.0000 10000.0000 9964.0000 10187.0000 10102.0000 
187.6000 10209.0000 9928.0000 9883.0000 9971.0000 9951.0000 9969.0000 10191.0000 10064.0000 
187.8000 10080.0000 10037.0000 9876.0000 9909.0000 10000.0000 10049.0000 10164.0000 9803.0000 
188.0000 10071.0000 9968.0000 10017.0000 9948.0000 10217.0000 9951.0000 10151.0000 10078.0000 
188.2000 10215.0000 9999.0000 9958.0000 9928.0000 10097.0000 10004.0000 10137.0000 9939.0000 
188.4000 10112.0000 9911.0000 10047.0000 9932.0000 10086.0000 10095.0000 10038.0000 9935.0000 
188.6000 10114.0000 10098.0000 9975.0000 9969.0000 10116.0000 9857.0000 10018.0000 9900.0000 
188.8000 9985.0000 9936.0000 10152.0000 10137.0000 10002.0000 10108.0000 10144.0000 10019.0000 
189.0000 10261.0000 10114.0000 9899.0000 9697.0000 9963.0000 9899.0000 10159.0000 10079.0000 
189.2000 10127.0000 10084.0000 10008.0000 9864.0000 9934.0000 9863.0000 9997.0000 9968.0000 
189.4000 9963.0000 9980.0000 10018.0000 9883.0000 10059.0000 10023.0000 9954.0000 9949.0000 
189.6000 10215.0000 9970.0000 10089.0000 10026.0000 10062.0000 10058.0000 10066.0000 10027.0000 
189.8000 10165.0000 9946.0000 10099.0000 9894.0000 10052.0000 9995.0000 10148.0000 10086.0000 
190.0000 10118.0000 10041.0000 10083.0000 9766.0000 10050.0000 9918.0000 10063.0000 10195.0000 
190.2000 10196.0000 10019.0000 10006.0000 9842.0000 10056.0000 10045.0000 9903.0000 10062.0000 
190.4000 10244.0000 10026.0000 9913.0000 10096.0000 10172.0000 9996.0000 10143.0000 10045.0000 
190.6000 10159.0000 10032.0000 9890.0000 9927.0000 10111.0000 9891.0000 9997.0000 10083.0000 
190.8000 10111.0000 10093.0000 10033.0000 9966.0000 10031.0000 9826.0000 9997.0000 9972.0000 
191.0000 10021.0000 9967.0000 9955.0000 10005.0000 10015.0000 9938.0000 10121.0000 9878.0000 
191.2000 10205.0000 10036.0000 9979.0000 10054.0000 9888.0000 10121.0000 10163.0000 10054.0000 
191.4000 10069.0000 9928.0000 9926.0000 10021.0000 9925.0000 9896.0000 9984.0000 10050.0000 
191.6000 10036.0000 10074.0000 10114.0000 9876.0000 9941.0000 9993.0000 10124.0000 10018.0000 
191.8000 10192.0000 10030.0000 9859.0000 9958.0000 9922.0000 10117.0000 10084.0000 10172.0000 
192.0000 9989.0000 10031.0000 9969.0000 9923.0000 10021.0000 10055.0000 10018.0000 9967.0000 
192.2000 10241.0000 9950.0000 9874.0000 9975.0000 10099.0000 9916.0000 10060.0000 10102.0000 
192.4000 10099.0000 10061.0000 10009.0000 9942.0000 9882.0000 9995.0000 9866.0000 10024.0000 
192.6000 10058.0000 9895.0000 9913.0000 9998.0000 10091.0000 9879.0000 10094.0000 10174.0000 
192.8000 10002.0000 10229.0000 10057.0000 10080.0000 9968.0000 9891.0000 10119.0000 10005.0000 
193.0000 10157.0000 10155.0000 10107.0000 9973.0000 10183.0000 10183.0000 10092.0000 10037.0000 
193.2000 10243.0000 9889.0000 9967.0000 10004.0000 10036.0000 9915.0000 10197.0000 9967.0000 
193.4000 9995.0000 9967.0000 9938.0000 9851.0000 9837.0000 10010.0000 9925.0000 9887.0000 
193.6000 10246.0000 10024.0000 9930.0000 9982.0000 10147.0000 9989.0000 10156.0000 10039.0000 
193.8000 10066.0000 10010.0000 10096.0000 9900.0000 9999.0000 10162.0000 10100.0000 9988.0000 
194.0000 10017.0000 10022.0000 9943.0000 9935.0000 9919.0000 9958.0000 10083.0000 10103.0000 
194.2000 10231.0000 9967.0000 10102.0000 9829.0000 9966.0000 10087.0000 10048.0000 9951.0000 
194.4000 10012.0000 9873.0000 9881.0000 9869.0000 9938.0000 10034.0000 9995.0000 10169.0000 
194.6000 10122.0000 10045.0000 9940.0000 10032.0000 9990.0000 10001.0000 10169.0000 10016.0000 
194.8000 10102.0000 9961.0000 10126.0000 9950.0000 10096.0000 9996.0000 9994.0000 9891.0000 
195.0000 10059.0000 10067.0000 9996.0000 9942.0000 9883.0000 10014.0000 10032.0000 10061.0000 
195.2000 10232.0000 9910.0000 10014.0000 9932.0000 10099.0000 9885.0000 9927.0000 10011.0000 
195.4000 10253.0000 9909.0000 9872.0000 9997.0000 9993.0000 10032.0000 10097.0000 10052.0000 
195.6000 10192.0000 9898.0000 9848.0000 9908.0000 10200.0000 10018.0000 9908.0000 10033.0000 
195.8000 10156.0000 9978.0000 9814.0000 9877.0000 10052.0000 9923.0000 10020.0000 9903.0000 
196.0000 10134.0000 9979.0000 10074.0000 9799.0000 10009.0000 10107.0000 10056.0000 10011.0000 
196.2000 10228.0000 10065.0000 10050.0000 9989.0000 10078.0000 10063.0000 10072.0000 10082.0000 
196.4000 10118.0000 9986.0000 10022.0000 9867.0000 10028.0000 10070.0000 10104.0000 9962.0000 
196.6000 10096.0000 10122.0000 9930.0000 9905.0000 10080.0000 9974.0000 10143.0000 9952.0000 
196.8000 10144.0000 10084.0000 10161.0000 9984.0000 10085.0000 10112.0000 10075.0000 10073.0000 
197.0000 10210.0000 10084.0000 9988.0000 9911.0000 10009.0000 9996.0000 9986.0000 10032.0000 
197.2000 10184.0000 10009.0000 9988.0000 9906.0000 10071.0000 10006.0000 10023.0000 10228.0000 
197.4000 10043.0000 9990.0000 10090.0000 9960.0000 10088.0000 9804.0000 10103.0000 9954.0000 
197.6000 10010.0000 9974.0000 9941.0000 10042.0000 10008.0000 9888.0000 10124.0000 9965.0000 
197.8000 10179.0000 10001.0000 10065.0000 10036.0000 10089.0000 9897.0000 10178.0000 9992.0000 
198.0000 10081.0000 10063.0000 9880.0000 9993.0000 10088.0000 10090.0000 10030.0000 10098.0000 
198.2000 10185.0000 9964.0000 9955.0000 10036.0000 10199.0000 9816.0000 10210.0000 9890.0000 
198.4000 10256.0000 10057.0000 9926.0000 9876.0000 10027.0000 9961.0000 10128.0000 9519.0000 
198.6000 10096.0000 9885.0000 10016.0000 9920.0000 9975.0000 9986.0000 10058.0000 10103.0000 
198.8000 10075.0000 10113.0000 9957.0000 9972.0000 10144.0000 9885.0000 10049.0000 10140.0000 
199.0000 10111.0000 10023.0000 9988.0000 9863.0000 10224.0000 9934.0000 10187.0000 10062.0000 
199.2000 10074.0000 9988.0000 9996.0000 9946.0000 10138.0000 10092.0000 10139.0000 10194.0000 
199.4000 10003.0000 10055.0000 9985.0000 10014.0000 10015.0000 10086.0000 10135.0000 9974.0000 
199.6000 10121.0000 10088.0000 9874.0000 10048.0000 9983.0000 10078.0000 10164.0000 10042.0000 
199.8000 9994.0000 10040.0000 9948.0000 9915.0000 10035.0000 9992.0000 10232.0000 10042.0000 
200.0000 10180.0000 9915.0000 10018.0000 9916.0000 10030.0000 9906.0000 10225.0000 9840.0000 
200.2000 10193.0000 10107.0000 10097.0000 9944.0000 10116.0000 10182.0000 10173.0000 9975.0000 
200.4000 10134.0000 9847.0000 9843.0000 10060.0000 9885.0000 10064.0000 10002.0000 10098.0000 
200.6000 9993.0000 10051.0000 9913.0000 9913.0000 10089.0000 10133.0000 10150.0000 10093.0000 
200.8000 10180.0000 9983.0000 9859.0000 9887.0000 10060.0000 9937.0000 10134.0000 10086.0000 
201.0000 10270.0000 10017.0000 10111.0000 10038.0000 9871.0000 9905.0000 10165.0000 9994.0000 
201.2000 10175.0000 10049.0000 10012.0000 9734.0000 10014.0000 9870.0000 10050.0000 10030.0000 
201.4000 10183.0000 10119.0000 9842.0000 9852.0000 10108.0000 9844.0000 10132.0000 9873.0000 
201.6000 10235.0000 10040.0000 10052.0000 10179.0000 10171.0000 9965.0000 10194.0000 10052.0000 
201.8000 10039.0000 10040.0000 9900.0000 10004.0000 10028.0000 9858.0000 10238.0000 10127.0000 
202.0000 10169.0000 9913.0000 9836.0000 10120.0000 10102.0000 9933.0000 9916.0000 10016.0000 
202.2000 10064.0000 10081.0000 10135.0000 9933.0000 10108.0000 9976.0000 10022.0000 10143.0000 
202.4000 10187.0000 10065.0000 9922.0000 10051.0000 9983.0000 10105.0000 10153.0000 10012.0000 
202.6000 10214.0000 10114.0000 9870.0000 10015.0000 10067.0000 9853.0000 10188.0000 10074.0000 
202.8000 10151.0000 10015.0000 9887.0000 9862.0000 10014.0000 9867.0000 9983.0000 10035.0000 
203.0000 9971.0000 9833.0000 9693.0000 9910.0000 9871.0000 9767.0000 9895.0000 9844.0000 
203.2000 10011.0000 10145.0000 10043.0000 9700.0000 9989.0000 9993.0000 10078.0000 9924.0000 
203.4000 10065.0000 9871.0000 9760.0000 9774.0000 9777.0000 9666.0000 9949.0000 9929.0000 
203.6000 10239.0000 10225.0000 9935.0000 10009.0000 10167.0000 10055.0000 10256.0000 10357.0000 
203.8000 9953.0000 10067.0000 9959.0000 9626.0000 9958.0000 9776.0000 10021.0000 10038.0000 
204.0000 10225.0000 10159.0000 10095.0000 10095.0000 10059.0000 10094.0000 10000.0000 10268.0000 
204.2000 10040.0000 10027.0000 9792.0000 9890.0000 9949.0000 9725.0000 10065.0000 9911.0000 
204.4000 10275.0000 10271.0000 10096.0000 10171.0000 10078.0000 9979.0000 10143.0000 10255.0000 
204.6000 10136.0000 10058.0000 9878.0000 9925.0000 10025.0000 9848.0000 10060.0000 9910.0000 


