0.0000 11596.0000 11478.0000 11371.0000 11384.0000 11569.0000 11414.0000 11609.0000 11661.0000 0 us
0.2000 11672.0000 11533.0000 11534.0000 11513.0000 11659.0000 11493.0000 11715.0000 11650.0000 
0.4000 11608.0000 11405.0000 11252.0000 11167.0000 11343.0000 11410.0000 11266.0000 11198.0000 
0.6000 11710.0000 11457.0000 11536.0000 11465.0000 11661.0000 11445.0000 11567.0000 11494.0000 
0.8000 11431.0000 11174.0000 11332.0000 11243.0000 11382.0000 11173.0000 11487.0000 11461.0000 
1.0000 11663.0000 11626.0000 11559.0000 11494.0000 11489.0000 11320.0000 11514.0000 11579.0000 
1.2000 11427.0000 11306.0000 11293.0000 11251.0000 11468.0000 11252.0000 11516.0000 11376.0000 
1.4000 11546.0000 11662.0000 11458.0000 11497.0000 11622.0000 11645.0000 11763.0000 11577.0000 
1.6000 11583.0000 11273.0000 11227.0000 11510.0000 11330.0000 11231.0000 11588.0000 11258.0000 
1.8000 11594.0000 11553.0000 11371.0000 11492.0000 11536.0000 11537.0000 11584.0000 11549.0000 
2.0000 11519.0000 11283.0000 11284.0000 11259.0000 11434.0000 11250.0000 11400.0000 11361.0000 
2.2000 11552.0000 11400.0000 11556.0000 11470.0000 11372.0000 11338.0000 11561.0000 11445.0000 
2.4000 11599.0000 11263.0000 11294.0000 11432.0000 11424.0000 11200.0000 11416.0000 11339.0000 
2.6000 11627.0000 11599.0000 11400.0000 11279.0000 11472.0000 11473.0000 11551.0000 11582.0000 
2.8000 11708.0000 11460.0000 11401.0000 11629.0000 11441.0000 11374.0000 11590.0000 11442.0000 
3.0000 11914.0000 11751.0000 11735.0000 11725.0000 11800.0000 11715.0000 11829.0000 11860.0000 
3.2000 11799.0000 11604.0000 11481.0000 11604.0000 11699.0000 11445.0000 11777.0000 11543.0000 
3.4000 11873.0000 11648.0000 11744.0000 11778.0000 11790.0000 11837.0000 11882.0000 11979.0000 
3.6000 11702.0000 11582.0000 11489.0000 11337.0000 11658.0000 11530.0000 11645.0000 11745.0000 
3.8000 11963.0000 11795.0000 11766.0000 11894.0000 11869.0000 11828.0000 11877.0000 11850.0000 
4.0000 11537.0000 11477.0000 11330.0000 11214.0000 11362.0000 11374.0000 11367.0000 11347.0000 
4.2000 11657.0000 11355.0000 11459.0000 11360.0000 11505.0000 11567.0000 11734.0000 11585.0000 
4.4000 11555.0000 11210.0000 11297.0000 11380.0000 11353.0000 11394.0000 11242.0000 11401.0000 
4.6000 11837.0000 11642.0000 11388.0000 11683.0000 11635.0000 11551.0000 11633.0000 11657.0000 
4.8000 11483.0000 11407.0000 11492.0000 11234.0000 11459.0000 11306.0000 11352.0000 11510.0000 
5.0000 11677.0000 11560.0000 11584.0000 11503.0000 11669.0000 11535.0000 11636.0000 11687.0000 
5.2000 11505.0000 11431.0000 11308.0000 11327.0000 11429.0000 11116.0000 11475.0000 11441.0000 
5.4000 11615.0000 11600.0000 11587.0000 11516.0000 11558.0000 11583.0000 11711.0000 11737.0000 
5.6000 11760.0000 11800.0000 11486.0000 11415.0000 11562.0000 11676.0000 11619.0000 11585.0000 
5.8000 11544.0000 11697.0000 11561.0000 11629.0000 11697.0000 11496.0000 11637.0000 11609.0000 
6.0000 11710.0000 11604.0000 11575.0000 11600.0000 11586.0000 11512.0000 11725.0000 11702.0000 
6.2000 11642.0000 11651.0000 11500.0000 11471.0000 11700.0000 11491.0000 11737.0000 11645.0000 
6.4000 11677.0000 11609.0000 11447.0000 11418.0000 11633.0000 11588.0000 11645.0000 11470.0000 
6.6000 11712.0000 11403.0000 11598.0000 11582.0000 11735.0000 11551.0000 11559.0000 11644.0000 
6.8000 11587.0000 11549.0000 11563.0000 11465.0000 11652.0000 11492.0000 11498.0000 11555.0000 
7.0000 11675.0000 11600.0000 11642.0000 11469.0000 11764.0000 11500.0000 11584.0000 11600.0000 
7.2000 11774.0000 11513.0000 11621.0000 11572.0000 11535.0000 11500.0000 11724.0000 11532.0000 
7.4000 11780.0000 11477.0000 11582.0000 11505.0000 11623.0000 11606.0000 11741.0000 11515.0000 
7.6000 11740.0000 11605.0000 11602.0000 11513.0000 11606.0000 11632.0000 11705.0000 11650.0000 
7.8000 11597.0000 11590.0000 11481.0000 11548.0000 11665.0000 11573.0000 11792.0000 11693.0000 
8.0000 11727.0000 11590.0000 11559.0000 11555.0000 11596.0000 11546.0000 11537.0000 11511.0000 
8.2000 11624.0000 11558.0000 11461.0000 11571.0000 11644.0000 11468.0000 11558.0000 11699.0000 
8.4000 11729.0000 11566.0000 11498.0000 11306.0000 11647.0000 11622.0000 11637.0000 11555.0000 
8.6000 11751.0000 11586.0000 11467.0000 11445.0000 11609.0000 11555.0000 11615.0000 11570.0000 
8.8000 11707.0000 11676.0000 11554.0000 11430.0000 11503.0000 11483.0000 11654.0000 11607.0000 
9.0000 11652.0000 11587.0000 11555.0000 11434.0000 11729.0000 11550.0000 11570.0000 11495.0000 
9.2000 11695.0000 11533.0000 11584.0000 11541.0000 11707.0000 11314.0000 11694.0000 11617.0000 
9.4000 11717.0000 11578.0000 11567.0000 11591.0000 11534.0000 11633.0000 11653.0000 11558.0000 
9.6000 11683.0000 11517.0000 11707.0000 11483.0000 11475.0000 11378.0000 11693.0000 11585.0000 
9.8000 11767.0000 11456.0000 11610.0000 11465.0000 11532.0000 11588.0000 11583.0000 11478.0000 
10.0000 11629.0000 11664.0000 11646.0000 11395.0000 11582.0000 11454.0000 11658.0000 11672.0000 
10.2000 11826.0000 11575.0000 11480.0000 11476.0000 11550.0000 11500.0000 11733.0000 11576.0000 
10.4000 11674.0000 11484.0000 11616.0000 11470.0000 11684.0000 11553.0000 11669.0000 11537.0000 
10.6000 11548.0000 11485.0000 11582.0000 11551.0000 11460.0000 11468.0000 11688.0000 11640.0000 
10.8000 11676.0000 11737.0000 11513.0000 11573.0000 11493.0000 11526.0000 11529.0000 11605.0000 
11.0000 11562.0000 11533.0000 11568.0000 11520.0000 11633.0000 11385.0000 11508.0000 11685.0000 
11.2000 11675.0000 11595.0000 11483.0000 11462.0000 11417.0000 11455.0000 11640.0000 11585.0000 
11.4000 11866.0000 11448.0000 11469.0000 11416.0000 11561.0000 11408.0000 11623.0000 11790.0000 
11.6000 11682.0000 11738.0000 11537.0000 11507.0000 11685.0000 11433.0000 11723.0000 11495.0000 
11.8000 11639.0000 11643.0000 11688.0000 11423.0000 11476.0000 11433.0000 11667.0000 11608.0000 
12.0000 11784.0000 11479.0000 11545.0000 11408.0000 11741.0000 11568.0000 11697.0000 11814.0000 
12.2000 11651.0000 11517.0000 11578.0000 11339.0000 11620.0000 11683.0000 11699.0000 11579.0000 
12.4000 11801.0000 11613.0000 11590.0000 11569.0000 11684.0000 11616.0000 11482.0000 11627.0000 
12.6000 11788.0000 11520.0000 11388.0000 11358.0000 11557.0000 11566.0000 11708.0000 11704.0000 
12.8000 11774.0000 11484.0000 11509.0000 11392.0000 11386.0000 11626.0000 11765.0000 11513.0000 
13.0000 11840.0000 11520.0000 11446.0000 11613.0000 11508.0000 11604.0000 11696.0000 11517.0000 
13.2000 11781.0000 11471.0000 11645.0000 11456.0000 11591.0000 11618.0000 11687.0000 11529.0000 
13.4000 11664.0000 11432.0000 11522.0000 11682.0000 11402.0000 11443.0000 11695.0000 11699.0000 
13.6000 11760.0000 11545.0000 11598.0000 11414.0000 11486.0000 11474.0000 11692.0000 11650.0000 
13.8000 11669.0000 11544.0000 11540.0000 11447.0000 11573.0000 11439.0000 11554.0000 11595.0000 
14.0000 11904.0000 11578.0000 11620.0000 11522.0000 11637.0000 11544.0000 11620.0000 11590.0000 
14.2000 11915.0000 11468.0000 11641.0000 11515.0000 11628.0000 11445.0000 11730.0000 11687.0000 
14.4000 11701.0000 11602.0000 11679.0000 11537.0000 11526.0000 11399.0000 11567.0000 11679.0000 
14.6000 11700.0000 11695.0000 11334.0000 11384.0000 11438.0000 11425.0000 11525.0000 11704.0000 
14.8000 11675.0000 11533.0000 11622.0000 11573.0000 11510.0000 11524.0000 11729.0000 11676.0000 
15.0000 11731.0000 11565.0000 11574.0000 11396.0000 11485.0000 11660.0000 11737.0000 11695.0000 
15.2000 11853.0000 11559.0000 11762.0000 11443.0000 11617.0000 11660.0000 11576.0000 11597.0000 
15.4000 11775.0000 11680.0000 11708.0000 11575.0000 11496.0000 11570.0000 11685.0000 11532.0000 
15.6000 11654.0000 11532.0000 11576.0000 11477.0000 11683.0000 11568.0000 11592.0000 11700.0000 
15.8000 11541.0000 11540.0000 11379.0000 11492.0000 11669.0000 11667.0000 11409.0000 11704.0000 
16.0000 11600.0000 11582.0000 11529.0000 11559.0000 11467.0000 11487.0000 11746.0000 11591.0000 
16.2000 11583.0000 11462.0000 11488.0000 11632.0000 11534.0000 11424.0000 11645.0000 11567.0000 
16.4000 11799.0000 11498.0000 11659.0000 11481.0000 11591.0000 11585.0000 11615.0000 11686.0000 
16.6000 11617.0000 11538.0000 11532.0000 11442.0000 11516.0000 11628.0000 11646.0000 11581.0000 
16.8000 11614.0000 11540.0000 11587.0000 11396.0000 11611.0000 11578.0000 11718.0000 11687.0000 
17.0000 11650.0000 11599.0000 11529.0000 11394.0000 11590.0000 11584.0000 11852.0000 11559.0000 
17.2000 11630.0000 11603.0000 11615.0000 11455.0000 11721.0000 11478.0000 11721.0000 11655.0000 
17.4000 11683.0000 11580.0000 11415.0000 11627.0000 11705.0000 11466.0000 11643.0000 11365.0000 
17.6000 11620.0000 11664.0000 11586.0000 11362.0000 11524.0000 11370.0000 11688.0000 11571.0000 
17.8000 11663.0000 11518.0000 11586.0000 11512.0000 11618.0000 11474.0000 11522.0000 11686.0000 
18.0000 11938.0000 11717.0000 11588.0000 11617.0000 11544.0000 11445.0000 11688.0000 11551.0000 
18.2000 11794.0000 11435.0000 11600.0000 11617.0000 11556.0000 11491.0000 11650.0000 11647.0000 
18.4000 11760.0000 11777.0000 11494.0000 11421.0000 11699.0000 11607.0000 11603.0000 11594.0000 
18.6000 11743.0000 11333.0000 11521.0000 11361.0000 11579.0000 11523.0000 11622.0000 11746.0000 
18.8000 11652.0000 11526.0000 11682.0000 11495.0000 11639.0000 11654.0000 11519.0000 11656.0000 
19.0000 11885.0000 11542.0000 11585.0000 11667.0000 11608.0000 11496.0000 11497.0000 11543.0000 
19.2000 11776.0000 11559.0000 11431.0000 11502.0000 11690.0000 11423.0000 11644.0000 11437.0000 
19.4000 11688.0000 11626.0000 11579.0000 11625.0000 11717.0000 11673.0000 11781.0000 11856.0000 
19.6000 11779.0000 11625.0000 11572.0000 11533.0000 11539.0000 11539.0000 11620.0000 11683.0000 
19.8000 11886.0000 11710.0000 11342.0000 11550.0000 11660.0000 11321.0000 11734.0000 11644.0000 
20.0000 11649.0000 11644.0000 11472.0000 11563.0000 11601.0000 11664.0000 11593.0000 11792.0000 
20.2000 11795.0000 11602.0000 11523.0000 11319.0000 11614.0000 11489.0000 11682.0000 11660.0000 
20.4000 11780.0000 11686.0000 11522.0000 11587.0000 11683.0000 11615.0000 11621.0000 11515.0000 
20.6000 11629.0000 11547.0000 11518.0000 11534.0000 11696.0000 11550.0000 11675.0000 11572.0000 
20.8000 11633.0000 11632.0000 11719.0000 11620.0000 11617.0000 11474.0000 11559.0000 11686.0000 
21.0000 11643.0000 11600.0000 11541.0000 11478.0000 11549.0000 11479.0000 11542.0000 11580.0000 
21.2000 11713.0000 11764.0000 11452.0000 11594.0000 11614.0000 11391.0000 11517.0000 11444.0000 
21.4000 11581.0000 11530.0000 11464.0000 11536.0000 11656.0000 11607.0000 11470.0000 11572.0000 
21.6000 11683.0000 11641.0000 11468.0000 11561.0000 11503.0000 11567.0000 11532.0000 11569.0000 
21.8000 11755.0000 11765.0000 11641.0000 11402.0000 11615.0000 11551.0000 11739.0000 11705.0000 
22.0000 11719.0000 11458.0000 11576.0000 11468.0000 11601.0000 11578.0000 11581.0000 11565.0000 
22.2000 11636.0000 11667.0000 11567.0000 11481.0000 11680.0000 11571.0000 11518.0000 11585.0000 
22.4000 11712.0000 11409.0000 11559.0000 11398.0000 11606.0000 11597.0000 11394.0000 11510.0000 
22.6000 11724.0000 11521.0000 11589.0000 11527.0000 11793.0000 11488.0000 11659.0000 11536.0000 
22.8000 11714.0000 11661.0000 11517.0000 11474.0000 11598.0000 11664.0000 11573.0000 11542.0000 
23.0000 11652.0000 11654.0000 11566.0000 11485.0000 11595.0000 11431.0000 11563.0000 11618.0000 
23.2000 11623.0000 11729.0000 11648.0000 11528.0000 11533.0000 11581.0000 11713.0000 11452.0000 
23.4000 11674.0000 11513.0000 11665.0000 11443.0000 11571.0000 11690.0000 11671.0000 11574.0000 
23.6000 11716.0000 11469.0000 11564.0000 11452.0000 11401.0000 11417.0000 11718.0000 11603.0000 
23.8000 11672.0000 11476.0000 11546.0000 11429.0000 11410.0000 11567.0000 11567.0000 11651.0000 
24.0000 11626.0000 11529.0000 11509.0000 11487.0000 11524.0000 11565.0000 11725.0000 11661.0000 
24.2000 11615.0000 11444.0000 11511.0000 11542.0000 11500.0000 11388.0000 11533.0000 11554.0000 
24.4000 11547.0000 11663.0000 11477.0000 11499.0000 11628.0000 11324.0000 11780.0000 11569.0000 
24.6000 11653.0000 11539.0000 11584.0000 11645.0000 11602.0000 11525.0000 11711.0000 11590.0000 
24.8000 11789.0000 11684.0000 11501.0000 11572.0000 11640.0000 11682.0000 11734.0000 11645.0000 
25.0000 11679.0000 11603.0000 11473.0000 11489.0000 11671.0000 11572.0000 11553.0000 11669.0000 
25.2000 11637.0000 11498.0000 11553.0000 11530.0000 11594.0000 11555.0000 11549.0000 11628.0000 
25.4000 11769.0000 11552.0000 11665.0000 11463.0000 11652.0000 11571.0000 11695.0000 11493.0000 
25.6000 11638.0000 11543.0000 11601.0000 11516.0000 11471.0000 11441.0000 11596.0000 11616.0000 
25.8000 11665.0000 11495.0000 11497.0000 11606.0000 11754.0000 11610.0000 11623.0000 11718.0000 
26.0000 11770.0000 11558.0000 11563.0000 11584.0000 11603.0000 11675.0000 11566.0000 11725.0000 
26.2000 11603.0000 11545.0000 11464.0000 11622.0000 11556.0000 11377.0000 11439.0000 11604.0000 
26.4000 11582.0000 11555.0000 11456.0000 11505.0000 11554.0000 11523.0000 11635.0000 11627.0000 
26.6000 11582.0000 11715.0000 11633.0000 11620.0000 11446.0000 11475.0000 11577.0000 11524.0000 
26.8000 11803.0000 11420.0000 11673.0000 11626.0000 11804.0000 11488.0000 11566.0000 11711.0000 
27.0000 11620.0000 11613.0000 11526.0000 11315.0000 11682.0000 11515.0000 11641.0000 11782.0000 
27.2000 11804.0000 11642.0000 11431.0000 11460.0000 11789.0000 11432.0000 11716.0000 11719.0000 
27.4000 11715.0000 11581.0000 11457.0000 11475.0000 11707.0000 11523.0000 11631.0000 11660.0000 
27.6000 11700.0000 11550.0000 11589.0000 11530.0000 11567.0000 11652.0000 11804.0000 11662.0000 
27.8000 11594.0000 11469.0000 11610.0000 11416.0000 11496.0000 11536.0000 11478.0000 11601.0000 
28.0000 11651.0000 11645.0000 11648.0000 11539.0000 11384.0000 11552.0000 11710.0000 11568.0000 
28.2000 11770.0000 11650.0000 11728.0000 11535.0000 11555.0000 11612.0000 11595.0000 11414.0000 
28.4000 11824.0000 11469.0000 11492.0000 11439.0000 11532.0000 11484.0000 11583.0000 11484.0000 
28.6000 11607.0000 11471.0000 11525.0000 11473.0000 11527.0000 11488.0000 11603.0000 11762.0000 
28.8000 11658.0000 11612.0000 11546.0000 11537.0000 11588.0000 11558.0000 11463.0000 11620.0000 
29.0000 11650.0000 11471.0000 11430.0000 11427.0000 11648.0000 11675.0000 11659.0000 11555.0000 
29.2000 11890.0000 11617.0000 11547.0000 11549.0000 11513.0000 11449.0000 11614.0000 11786.0000 
29.4000 11827.0000 11543.0000 11626.0000 11397.0000 11570.0000 11575.0000 11547.0000 11647.0000 
29.6000 11526.0000 11675.0000 11573.0000 11355.0000 11709.0000 11330.0000 11599.0000 11719.0000 
29.8000 11795.0000 11710.0000 11629.0000 11536.0000 11499.0000 11510.0000 11580.0000 11664.0000 
30.0000 11666.0000 11785.0000 11526.0000 11576.0000 11561.0000 11590.0000 11712.0000 11597.0000 
30.2000 11799.0000 11503.0000 11583.0000 11526.0000 11600.0000 11479.0000 11535.0000 11542.0000 
30.4000 11863.0000 11555.0000 11476.0000 11380.0000 11519.0000 11515.0000 11551.0000 11494.0000 
30.6000 11689.0000 11737.0000 11582.0000 11363.0000 11624.0000 11587.0000 11751.0000 11727.0000 
30.8000 11848.0000 11666.0000 11571.0000 11564.0000 11581.0000 11708.0000 11548.0000 11692.0000 
31.0000 11676.0000 11712.0000 11507.0000 11512.0000 11525.0000 11486.0000 11557.0000 11501.0000 
31.2000 11758.0000 11610.0000 11534.0000 11365.0000 11666.0000 11488.0000 11745.0000 11693.0000 
31.4000 11701.0000 11494.0000 11456.0000 11528.0000 11643.0000 11630.0000 11664.0000 11615.0000 
31.6000 11651.0000 11523.0000 11483.0000 11411.0000 11602.0000 11626.0000 11768.0000 11565.0000 
31.8000 11575.0000 11516.0000 11406.0000 11480.0000 11591.0000 11632.0000 11634.0000 11713.0000 
32.0000 11869.0000 11579.0000 11494.0000 11465.0000 11639.0000 11555.0000 11745.0000 11604.0000 
32.2000 11636.0000 11589.0000 11471.0000 11590.0000 11501.0000 11438.0000 11667.0000 11569.0000 
32.4000 11700.0000 11534.0000 11591.0000 11554.0000 11370.0000 11413.0000 11639.0000 11645.0000 
32.6000 11667.0000 11583.0000 11530.0000 11419.0000 11519.0000 11647.0000 11565.0000 11642.0000 
32.8000 11744.0000 11435.0000 11625.0000 11361.0000 11644.0000 11624.0000 11572.0000 11347.0000 
33.0000 11691.0000 11572.0000 11662.0000 11534.0000 11604.0000 11440.0000 11513.0000 11564.0000 
33.2000 11539.0000 11561.0000 11516.0000 11560.0000 11750.0000 11649.0000 11577.0000 11495.0000 
33.4000 11702.0000 11590.0000 11493.0000 11532.0000 11761.0000 11582.0000 11559.0000 11635.0000 
33.6000 11600.0000 11705.0000 11598.0000 11508.0000 11574.0000 11374.0000 11669.0000 11562.0000 
33.8000 11754.0000 11719.0000 11525.0000 11485.0000 11471.0000 11647.0000 11644.0000 11551.0000 
34.0000 11648.0000 11482.0000 11553.0000 11657.0000 11575.0000 11559.0000 11576.0000 11652.0000 
34.2000 11669.0000 11544.0000 11481.0000 11587.0000 11591.0000 11490.0000 11695.0000 11620.0000 
34.4000 11837.0000 11533.0000 11557.0000 11455.0000 11552.0000 11504.0000 11610.0000 11573.0000 
34.6000 11663.0000 11735.0000 11386.0000 11576.0000 11624.0000 11518.0000 11708.0000 11677.0000 
34.8000 11645.0000 11659.0000 11625.0000 11442.0000 11783.0000 11567.0000 11659.0000 11651.0000 
35.0000 11775.0000 11669.0000 11397.0000 11465.0000 11535.0000 11582.0000 11745.0000 11653.0000 
35.2000 11740.0000 11457.0000 11524.0000 11481.0000 11754.0000 11507.0000 11712.0000 11464.0000 
35.4000 11775.0000 11515.0000 11406.0000 11518.0000 11628.0000 11491.0000 11596.0000 11497.0000 
35.6000 11647.0000 11547.0000 11486.0000 11388.0000 11561.0000 11563.0000 11633.0000 11643.0000 
35.8000 11660.0000 11528.0000 11637.0000 11436.0000 11724.0000 11540.0000 11663.0000 11633.0000 
36.0000 11530.0000 11547.0000 11484.0000 11411.0000 11563.0000 11497.0000 11625.0000 11646.0000 
36.2000 11642.0000 11540.0000 11584.0000 11499.0000 11625.0000 11608.0000 11727.0000 11586.0000 
36.4000 11689.0000 11659.0000 11491.0000 11495.0000 11780.0000 11596.0000 11640.0000 11668.0000 
36.6000 11738.0000 11514.0000 11476.0000 11458.0000 11721.0000 11430.0000 11635.0000 11717.0000 
36.8000 11709.0000 11521.0000 11601.0000 11480.0000 11570.0000 11430.0000 11677.0000 11609.0000 
37.0000 11732.0000 11563.0000 11550.0000 11400.0000 11600.0000 11652.0000 11612.0000 11595.0000 
37.2000 11668.0000 11551.0000 11558.0000 11387.0000 11697.0000 11433.0000 11626.0000 11660.0000 
37.4000 11687.0000 11628.0000 11593.0000 11521.0000 11614.0000 11413.0000 11712.0000 11516.0000 
37.6000 11750.0000 11672.0000 11445.0000 11569.0000 11539.0000 11383.0000 11584.0000 11749.0000 
37.8000 11756.0000 11481.0000 11596.0000 11541.0000 11506.0000 11622.0000 11806.0000 11749.0000 
38.0000 11831.0000 11543.0000 11701.0000 11587.0000 11593.0000 11489.0000 11661.0000 11495.0000 
38.2000 11736.0000 11485.0000 11524.0000 11525.0000 11651.0000 11495.0000 11681.0000 11552.0000 
38.4000 11755.0000 11583.0000 11454.0000 11607.0000 11760.0000 11566.0000 11700.0000 11411.0000 
38.6000 11719.0000 11570.0000 11519.0000 11415.0000 11412.0000 11499.0000 11558.0000 11598.0000 
38.8000 11793.0000 11614.0000 11518.0000 11498.0000 11496.0000 11563.0000 11779.0000 11602.0000 
39.0000 11703.0000 11521.0000 11540.0000 11546.0000 11707.0000 11665.0000 11638.0000 11585.0000 
39.2000 11502.0000 11513.0000 11555.0000 11474.0000 11542.0000 11535.0000 11601.0000 11482.0000 
39.4000 11791.0000 11618.0000 11651.0000 11334.0000 11528.0000 11618.0000 11676.0000 11492.0000 
39.6000 11583.0000 11626.0000 11539.0000 11427.0000 11538.0000 11523.0000 11492.0000 11459.0000 
39.8000 11606.0000 11544.0000 11510.0000 11511.0000 11673.0000 11381.0000 11512.0000 11647.0000 
40.0000 11679.0000 11522.0000 11553.0000 11475.0000 11613.0000 11530.0000 11537.0000 11553.0000 
40.2000 11795.0000 11444.0000 11708.0000 11503.0000 11502.0000 11610.0000 11616.0000 11582.0000 
40.4000 11687.0000 11625.0000 11487.0000 11607.0000 11563.0000 11476.0000 11648.0000 11451.0000 
40.6000 11669.0000 11605.0000 11576.0000 11579.0000 11747.0000 11488.0000 11622.0000 11396.0000 
40.8000 11715.0000 11601.0000 11620.0000 11580.0000 11593.0000 11488.0000 11663.0000 11344.0000 
41.0000 11728.0000 11599.0000 11556.0000 11447.0000 11629.0000 11545.0000 11722.0000 11479.0000 
41.2000 11745.0000 11589.0000 11553.0000 11448.0000 11517.0000 11499.0000 11615.0000 11457.0000 
41.4000 11735.0000 11593.0000 11359.0000 11668.0000 11384.0000 11530.0000 11643.0000 11438.0000 
41.6000 11810.0000 11595.0000 11597.0000 11445.0000 11577.0000 11499.0000 11555.0000 11489.0000 
41.8000 11743.0000 11581.0000 11466.0000 11678.0000 11509.0000 11765.0000 11641.0000 11541.0000 
42.0000 11678.0000 11585.0000 11425.0000 11391.0000 11524.0000 11492.0000 11689.0000 11609.0000 
42.2000 11511.0000 11516.0000 11562.0000 11424.0000 11425.0000 11495.0000 11506.0000 11571.0000 
42.4000 11808.0000 11686.0000 11622.0000 11530.0000 11466.0000 11496.0000 11555.0000 11542.0000 
42.6000 11539.0000 11477.0000 11507.0000 11376.0000 11634.0000 11505.0000 11706.0000 11755.0000 
42.8000 11803.0000 11594.0000 11590.0000 11481.0000 11679.0000 11497.0000 11731.0000 11762.0000 
43.0000 11677.0000 11600.0000 11490.0000 11461.0000 11524.0000 11535.0000 11520.0000 11539.0000 
43.2000 11581.0000 11712.0000 11529.0000 11480.0000 11581.0000 11551.0000 11667.0000 11577.0000 
43.4000 11624.0000 11703.0000 11414.0000 11469.0000 11577.0000 11525.0000 11717.0000 11613.0000 
43.6000 11722.0000 11572.0000 11433.0000 11476.0000 11536.0000 11431.0000 11714.0000 11677.0000 
43.8000 11681.0000 11657.0000 11456.0000 11538.0000 11540.0000 11578.0000 11617.0000 11656.0000 
44.0000 11751.0000 11682.0000 11687.0000 11520.0000 11623.0000 11682.0000 11693.0000 11583.0000 
44.2000 11777.0000 11658.0000 11395.0000 11368.0000 11594.0000 11710.0000 11670.0000 11655.0000 
44.4000 11706.0000 11686.0000 11500.0000 11551.0000 11508.0000 11591.0000 11615.0000 11585.0000 
44.6000 11636.0000 11521.0000 11564.0000 11522.0000 11487.0000 11499.0000 11699.0000 11545.0000 
44.8000 11713.0000 11686.0000 11414.0000 11392.0000 11490.0000 11347.0000 11701.0000 11581.0000 
45.0000 11828.0000 11607.0000 11585.0000 11513.0000 11678.0000 11477.0000 11682.0000 11609.0000 
45.2000 11644.0000 11591.0000 11463.0000 11482.0000 11626.0000 11497.0000 11585.0000 11407.0000 
45.4000 11659.0000 11620.0000 11516.0000 11385.0000 11538.0000 11525.0000 11691.0000 11510.0000 
45.6000 11682.0000 11566.0000 11530.0000 11473.0000 11446.0000 11421.0000 11620.0000 11607.0000 
45.8000 11883.0000 11666.0000 11597.0000 11390.0000 11542.0000 11454.0000 11706.0000 11622.0000 
46.0000 11846.0000 11636.0000 11443.0000 11498.0000 11609.0000 11582.0000 11593.0000 11345.0000 
46.2000 11693.0000 11465.0000 11413.0000 11475.0000 11585.0000 11529.0000 11555.0000 11588.0000 
46.4000 11627.0000 11692.0000 11440.0000 11567.0000 11627.0000 11463.0000 11524.0000 11654.0000 
46.6000 11714.0000 11643.0000 11466.0000 11448.0000 11522.0000 11456.0000 11621.0000 11553.0000 
46.8000 11682.0000 11539.0000 11486.0000 11518.0000 11680.0000 11586.0000 11628.0000 11593.0000 
47.0000 11685.0000 11418.0000 11588.0000 11728.0000 11715.0000 11666.0000 11443.0000 11575.0000 
47.2000 11537.0000 11471.0000 11473.0000 11544.0000 11576.0000 11591.0000 11631.0000 11577.0000 
47.4000 11659.0000 11539.0000 11643.0000 11538.0000 11517.0000 11553.0000 11580.0000 11532.0000 
47.6000 11717.0000 11581.0000 11525.0000 11427.0000 11505.0000 11617.0000 11625.0000 11713.0000 
47.8000 11928.0000 11565.0000 11575.0000 11380.0000 11577.0000 11613.0000 11689.0000 11618.0000 
48.0000 11818.0000 11379.0000 11639.0000 11543.0000 11462.0000 11473.0000 11551.0000 11594.0000 
48.2000 11903.0000 11438.0000 11568.0000 11418.0000 11721.0000 11531.0000 11631.0000 11506.0000 
48.4000 11651.0000 11462.0000 11613.0000 11573.0000 11642.0000 11488.0000 11699.0000 11584.0000 
48.6000 11606.0000 11644.0000 11665.0000 11612.0000 11503.0000 11482.0000 11627.0000 11647.0000 
48.8000 11743.0000 11586.0000 11468.0000 11518.0000 11521.0000 11311.0000 11645.0000 11548.0000 
49.0000 11710.0000 11549.0000 11586.0000 11466.0000 11463.0000 11489.0000 11614.0000 11513.0000 
49.2000 11877.0000 11619.0000 11609.0000 11452.0000 11540.0000 11442.0000 11590.0000 11489.0000 
49.4000 11636.0000 11555.0000 11533.0000 11322.0000 11482.0000 11456.0000 11664.0000 11577.0000 
49.6000 11587.0000 11470.0000 11528.0000 11388.0000 11731.0000 11601.0000 11528.0000 11673.0000 
49.8000 11771.0000 11707.0000 11557.0000 11540.0000 11640.0000 11582.0000 11646.0000 11658.0000 
50.0000 11722.0000 11509.0000 11402.0000 11452.0000 11386.0000 11522.0000 11579.0000 11561.0000 
50.2000 11579.0000 11640.0000 11402.0000 11573.0000 11631.0000 11441.0000 11760.0000 11561.0000 
50.4000 11649.0000 11676.0000 11626.0000 11497.0000 11690.0000 11574.0000 11573.0000 11685.0000 
50.6000 11752.0000 11576.0000 11519.0000 11533.0000 11606.0000 11466.0000 11677.0000 11443.0000 
50.8000 11655.0000 11463.0000 11714.0000 11449.0000 11627.0000 11598.0000 11519.0000 11414.0000 
51.0000 11669.0000 11586.0000 11587.0000 11393.0000 11583.0000 11431.0000 11767.0000 11730.0000 
51.2000 11720.0000 11542.0000 11459.0000 11600.0000 11546.0000 11576.0000 11767.0000 11656.0000 
51.4000 11696.0000 11675.0000 11463.0000 11493.0000 11615.0000 11581.0000 11657.0000 11574.0000 
51.6000 11720.0000 11686.0000 11413.0000 11443.0000 11634.0000 11425.0000 11547.0000 11677.0000 
51.8000 11783.0000 11530.0000 11561.0000 11605.0000 11511.0000 11342.0000 11674.0000 11681.0000 
52.0000 11647.0000 11591.0000 11434.0000 11551.0000 11424.0000 11488.0000 11691.0000 11601.0000 
52.2000 11637.0000 11734.0000 11563.0000 11445.0000 11515.0000 11471.0000 11651.0000 11612.0000 
52.4000 11777.0000 11538.0000 11474.0000 11454.0000 11709.0000 11645.0000 11593.0000 11535.0000 
52.6000 11594.0000 11511.0000 11529.0000 11448.0000 11584.0000 11426.0000 11586.0000 11514.0000 
52.8000 11581.0000 11679.0000 11626.0000 11515.0000 11612.0000 11546.0000 11785.0000 11549.0000 
53.0000 11767.0000 11637.0000 11566.0000 11454.0000 11602.0000 11482.0000 11619.0000 11803.0000 
53.2000 11916.0000 11529.0000 11441.0000 11517.0000 11632.0000 11527.0000 11809.0000 11571.0000 
53.4000 11809.0000 11359.0000 11596.0000 11479.0000 11585.0000 11532.0000 11727.0000 11570.0000 
53.6000 11955.0000 11531.0000 11630.0000 11553.0000 11597.0000 11449.0000 11633.0000 11423.0000 
53.8000 11741.0000 11572.0000 11527.0000 11536.0000 11452.0000 11443.0000 11668.0000 11524.0000 
54.0000 11706.0000 11629.0000 11683.0000 11606.0000 11667.0000 11595.0000 11642.0000 11585.0000 
54.2000 11771.0000 11680.0000 11612.0000 11411.0000 11637.0000 11541.0000 11474.0000 11687.0000 
54.4000 11697.0000 11500.0000 11573.0000 11396.0000 11479.0000 11556.0000 11616.0000 11512.0000 
54.6000 11773.0000 11652.0000 11717.0000 11396.0000 11523.0000 11569.0000 11451.0000 11555.0000 
54.8000 11659.0000 11655.0000 11574.0000 11531.0000 11443.0000 11630.0000 11675.0000 11575.0000 
55.0000 11751.0000 11451.0000 11406.0000 11702.0000 11583.0000 11554.0000 11683.0000 11653.0000 
55.2000 11783.0000 11618.0000 11704.0000 11412.0000 11471.0000 11430.0000 11490.0000 11363.0000 
55.4000 11708.0000 11544.0000 11557.0000 11489.0000 11527.0000 11555.0000 11640.0000 11558.0000 
55.6000 11724.0000 11624.0000 11555.0000 11519.0000 11614.0000 11394.0000 11489.0000 11591.0000 
55.8000 11563.0000 11530.0000 11502.0000 11392.0000 11505.0000 11616.0000 11744.0000 11642.0000 
56.0000 11717.0000 11626.0000 11583.0000 11470.0000 11441.0000 11584.0000 11539.0000 11475.0000 
56.2000 11686.0000 11686.0000 11555.0000 11434.0000 11483.0000 11568.0000 11679.0000 11633.0000 
56.4000 11773.0000 11563.0000 11482.0000 11525.0000 11577.0000 11749.0000 11541.0000 11575.0000 
56.6000 11872.0000 11569.0000 11396.0000 11273.0000 11618.0000 11583.0000 11619.0000 11692.0000 
56.8000 11704.0000 11622.0000 11688.0000 11453.0000 11674.0000 11676.0000 11641.0000 11499.0000 
57.0000 11622.0000 11656.0000 11545.0000 11424.0000 11616.0000 11673.0000 11553.0000 11466.0000 
57.2000 11723.0000 11618.0000 11513.0000 11479.0000 11713.0000 11546.0000 11756.0000 11546.0000 
57.4000 11686.0000 11493.0000 11606.0000 11505.0000 11714.0000 11451.0000 11635.0000 11519.0000 
57.6000 11628.0000 11679.0000 11580.0000 11306.0000 11529.0000 11564.0000 11673.0000 11466.0000 
57.8000 11650.0000 11606.0000 11601.0000 11518.0000 11656.0000 11565.0000 11478.0000 11781.0000 
58.0000 11835.0000 11671.0000 11636.0000 11526.0000 11691.0000 11586.0000 11666.0000 11640.0000 
58.2000 11710.0000 11605.0000 11624.0000 11402.0000 11627.0000 11565.0000 11649.0000 11543.0000 
58.4000 11683.0000 11708.0000 11690.0000 11503.0000 11594.0000 11549.0000 11488.0000 11740.0000 
58.6000 11735.0000 11556.0000 11453.0000 11579.0000 11562.0000 11612.0000 11500.0000 11499.0000 
58.8000 11686.0000 11706.0000 11666.0000 11476.0000 11457.0000 11501.0000 11599.0000 11471.0000 
59.0000 11630.0000 11506.0000 11538.0000 11506.0000 11681.0000 11413.0000 11694.0000 11508.0000 
59.2000 11763.0000 11603.0000 11410.0000 11625.0000 11638.0000 11541.0000 11528.0000 11419.0000 
59.4000 11662.0000 11562.0000 11597.0000 11508.0000 11411.0000 11640.0000 11573.0000 11459.0000 
59.6000 11686.0000 11577.0000 11527.0000 11513.0000 11652.0000 11560.0000 11526.0000 11627.0000 
59.8000 11547.0000 11544.0000 11446.0000 11552.0000 11624.0000 11463.0000 11610.0000 11719.0000 
60.0000 11512.0000 11602.0000 11527.0000 11633.0000 11596.0000 11576.0000 11568.0000 11385.0000 
60.2000 11620.0000 11586.0000 11570.0000 11486.0000 11704.0000 11462.0000 11646.0000 11595.0000 
60.4000 11603.0000 11652.0000 11390.0000 11502.0000 11711.0000 11409.0000 11451.0000 11487.0000 
60.6000 11588.0000 11525.0000 11526.0000 11502.0000 11539.0000 11498.0000 11686.0000 11564.0000 
60.8000 11612.0000 11593.0000 11481.0000 11471.0000 11455.0000 11537.0000 11545.0000 11548.0000 
61.0000 11619.0000 11582.0000 11532.0000 11514.0000 11725.0000 11355.0000 11537.0000 11612.0000 
61.2000 11680.0000 11447.0000 11554.0000 11466.0000 11526.0000 11614.0000 11635.0000 11660.0000 
61.4000 11586.0000 11674.0000 11527.0000 11512.0000 11619.0000 11674.0000 11620.0000 11449.0000 
61.6000 11581.0000 11592.0000 11473.0000 11513.0000 11598.0000 11554.0000 11629.0000 11667.0000 
61.8000 11815.0000 11545.0000 11549.0000 11416.0000 11776.0000 11484.0000 11696.0000 11678.0000 
62.0000 11594.0000 11606.0000 11403.0000 11401.0000 11460.0000 11649.0000 11467.0000 11658.0000 
62.2000 11814.0000 11528.0000 11558.0000 11456.0000 11638.0000 11488.0000 11681.0000 11566.0000 
62.4000 11810.0000 11609.0000 11383.0000 11677.0000 11561.0000 11663.0000 11546.0000 11383.0000 
62.6000 11597.0000 11586.0000 11616.0000 11256.0000 11460.0000 11512.0000 11534.0000 11524.0000 
62.8000 11640.0000 11733.0000 11489.0000 11660.0000 11599.0000 11611.0000 11584.0000 11469.0000 
63.0000 11745.0000 11619.0000 11627.0000 11451.0000 11500.0000 11608.0000 11515.0000 11713.0000 
63.2000 11716.0000 11705.0000 11653.0000 11662.0000 11714.0000 11596.0000 11531.0000 11551.0000 
63.4000 11717.0000 11478.0000 11447.0000 11380.0000 11683.0000 11476.0000 11773.0000 11559.0000 
63.6000 11786.0000 11723.0000 11590.0000 11491.0000 11734.0000 11546.0000 11774.0000 11736.0000 
63.8000 11673.0000 11646.0000 11505.0000 11581.0000 11479.0000 11525.0000 11649.0000 11587.0000 
64.0000 11583.0000 11624.0000 11556.0000 11558.0000 11662.0000 11507.0000 11531.0000 11585.0000 
64.2000 11713.0000 11698.0000 11544.0000 11394.0000 11692.0000 11656.0000 11627.0000 11625.0000 
64.4000 11668.0000 11348.0000 11555.0000 11678.0000 11640.0000 11452.0000 11677.0000 11475.0000 
64.6000 11692.0000 11617.0000 11614.0000 11430.0000 11522.0000 11588.0000 11733.0000 11442.0000 
64.8000 11627.0000 11631.0000 11646.0000 11321.0000 11370.0000 11471.0000 11625.0000 11573.0000 
65.0000 11795.0000 11397.0000 11560.0000 11400.0000 11560.0000 11546.0000 11748.0000 11537.0000 
65.2000 11643.0000 11673.0000 11412.0000 11604.0000 11609.0000 11519.0000 11589.0000 11561.0000 
65.4000 11897.0000 11641.0000 11452.0000 11527.0000 11648.0000 11449.0000 11735.0000 11577.0000 
65.6000 11582.0000 11562.0000 11512.0000 11479.0000 11643.0000 11424.0000 11568.0000 11555.0000 
65.8000 11644.0000 11688.0000 11502.0000 11429.0000 11589.0000 11403.0000 11460.0000 11569.0000 
66.0000 11615.0000 11609.0000 11611.0000 11567.0000 11517.0000 11408.0000 11523.0000 11577.0000 
66.2000 11867.0000 11548.0000 11427.0000 11569.0000 11632.0000 11724.0000 11670.0000 11607.0000 
66.4000 11670.0000 11612.0000 11461.0000 11445.0000 11442.0000 11655.0000 11673.0000 11450.0000 
66.6000 11615.0000 11483.0000 11474.0000 11416.0000 11691.0000 11463.0000 11580.0000 11715.0000 
66.8000 11771.0000 11498.0000 11502.0000 11511.0000 11610.0000 11489.0000 11597.0000 11642.0000 
67.0000 11691.0000 11504.0000 11750.0000 11572.0000 11540.0000 11594.0000 11644.0000 11605.0000 
67.2000 11734.0000 11586.0000 11369.0000 11408.0000 11419.0000 11582.0000 11782.0000 11474.0000 
67.4000 11707.0000 11665.0000 11585.0000 11523.0000 11678.0000 11531.0000 11592.0000 11523.0000 
67.6000 11625.0000 11603.0000 11625.0000 11527.0000 11490.0000 11683.0000 11658.0000 11668.0000 
67.8000 11732.0000 11572.0000 11581.0000 11405.0000 11611.0000 11534.0000 11657.0000 11472.0000 
68.0000 11804.0000 11638.0000 11640.0000 11538.0000 11685.0000 11365.0000 11612.0000 11532.0000 
68.2000 11769.0000 11647.0000 11500.0000 11469.0000 11510.0000 11531.0000 11522.0000 11547.0000 
68.4000 11809.0000 11628.0000 11424.0000 11482.0000 11676.0000 11546.0000 11607.0000 11579.0000 
68.6000 11678.0000 11547.0000 11565.0000 11506.0000 11628.0000 11488.0000 11532.0000 11577.0000 
68.8000 11552.0000 11649.0000 11540.0000 11494.0000 11540.0000 11527.0000 11525.0000 11588.0000 
69.0000 11654.0000 11433.0000 11640.0000 11557.0000 11587.0000 11588.0000 11680.0000 11486.0000 
69.2000 11781.0000 11547.0000 11546.0000 11674.0000 11795.0000 11441.0000 11791.0000 11455.0000 
69.4000 11737.0000 11730.0000 11588.0000 11667.0000 11664.0000 11557.0000 11743.0000 11576.0000 
69.6000 11769.0000 11677.0000 11507.0000 11610.0000 11708.0000 11598.0000 11602.0000 11494.0000 
69.8000 11751.0000 11696.0000 11669.0000 11543.0000 11728.0000 11467.0000 11636.0000 11557.0000 
70.0000 11739.0000 11696.0000 11654.0000 11459.0000 11714.0000 11617.0000 11673.0000 11617.0000 
70.2000 11639.0000 11556.0000 11526.0000 11450.0000 11567.0000 11361.0000 11723.0000 11553.0000 
70.4000 11712.0000 11574.0000 11641.0000 11704.0000 11590.0000 11429.0000 11530.0000 11542.0000 
70.6000 11612.0000 11454.0000 11593.0000 11634.0000 11665.0000 11444.0000 11522.0000 11714.0000 
70.8000 11785.0000 11486.0000 11501.0000 11556.0000 11495.0000 11321.0000 11608.0000 11679.0000 
71.0000 11607.0000 11563.0000 11429.0000 11502.0000 11615.0000 11572.0000 11615.0000 11665.0000 
71.2000 11816.0000 11563.0000 11748.0000 11562.0000 11537.0000 11539.0000 11709.0000 11592.0000 
71.4000 11790.0000 11515.0000 11578.0000 11589.0000 11486.0000 11576.0000 11720.0000 11540.0000 
71.6000 11564.0000 11708.0000 11460.0000 11529.0000 11544.0000 11653.0000 11740.0000 11595.0000 
71.8000 11612.0000 11523.0000 11408.0000 11401.0000 11519.0000 11432.0000 11584.0000 11586.0000 
72.0000 11673.0000 11749.0000 11711.0000 11438.0000 11561.0000 11432.0000 11478.0000 11612.0000 
72.2000 11496.0000 11454.0000 11416.0000 11495.0000 11712.0000 11503.0000 11523.0000 11584.0000 
72.4000 11728.0000 11543.0000 11603.0000 11575.0000 11508.0000 11467.0000 11707.0000 11632.0000 
72.6000 11623.0000 11509.0000 11565.0000 11476.0000 11629.0000 11460.0000 11587.0000 11646.0000 
72.8000 11699.0000 11438.0000 11333.0000 11577.0000 11505.0000 11478.0000 11579.0000 11519.0000 
73.0000 11789.0000 11586.0000 11623.0000 11507.0000 11432.0000 11478.0000 11503.0000 11505.0000 
73.2000 11663.0000 11543.0000 11406.0000 11536.0000 11622.0000 11579.0000 11424.0000 11606.0000 
73.4000 11596.0000 11475.0000 11452.0000 11434.0000 11638.0000 11534.0000 11533.0000 11640.0000 
73.6000 11646.0000 11509.0000 11428.0000 11380.0000 11575.0000 11558.0000 11462.0000 11750.0000 
73.8000 11800.0000 11643.0000 11477.0000 11534.0000 11524.0000 11477.0000 11524.0000 11562.0000 
74.0000 11743.0000 11645.0000 11518.0000 11422.0000 11502.0000 11522.0000 11624.0000 11706.0000 
74.2000 11667.0000 11376.0000 11408.0000 11272.0000 11626.0000 11597.0000 11543.0000 11525.0000 
74.4000 11704.0000 11523.0000 11428.0000 11542.0000 11444.0000 11545.0000 11616.0000 11461.0000 
74.6000 11760.0000 11529.0000 11371.0000 11297.0000 11391.0000 11558.0000 11594.0000 11689.0000 
74.8000 11687.0000 11547.0000 11556.0000 11434.0000 11572.0000 11652.0000 11578.0000 11564.0000 
75.0000 11748.0000 11454.0000 11514.0000 11500.0000 11567.0000 11583.0000 11640.0000 11401.0000 
75.2000 11683.0000 11454.0000 11299.0000 11655.0000 11669.0000 11514.0000 11682.0000 11555.0000 
75.4000 11759.0000 11674.0000 11576.0000 11581.0000 11592.0000 11389.0000 11675.0000 11654.0000 
75.6000 11620.0000 11497.0000 11583.0000 11552.0000 11687.0000 11540.0000 11697.0000 11446.0000 
75.8000 11719.0000 11673.0000 11386.0000 11431.0000 11676.0000 11410.0000 11503.0000 11619.0000 
76.0000 11632.0000 11764.0000 11560.0000 11399.0000 11652.0000 11526.0000 11603.0000 11729.0000 
76.2000 11624.0000 11592.0000 11522.0000 11547.0000 11448.0000 11494.0000 11695.0000 11677.0000 
76.4000 11493.0000 11622.0000 11725.0000 11511.0000 11578.0000 11543.0000 11716.0000 11580.0000 
76.6000 11687.0000 11570.0000 11522.0000 11575.0000 11644.0000 11496.0000 11520.0000 11569.0000 
76.8000 11727.0000 11585.0000 11429.0000 11541.0000 11628.0000 11466.0000 11383.0000 11513.0000 
77.0000 11705.0000 11551.0000 11538.0000 11473.0000 11715.0000 11611.0000 11608.0000 11558.0000 
77.2000 11624.0000 11667.0000 11568.0000 11474.0000 11433.0000 11570.0000 11662.0000 11668.0000 
77.4000 11520.0000 11560.0000 11559.0000 11453.0000 11655.0000 11637.0000 11658.0000 11475.0000 
77.6000 11803.0000 11618.0000 11621.0000 11512.0000 11594.0000 11643.0000 11830.0000 11450.0000 
77.8000 11712.0000 11640.0000 11570.0000 11504.0000 11585.0000 11634.0000 11750.0000 11666.0000 
78.0000 11681.0000 11459.0000 11553.0000 11452.0000 11601.0000 11496.0000 11711.0000 11654.0000 
78.2000 11525.0000 11614.0000 11473.0000 11544.0000 11478.0000 11574.0000 11615.0000 11376.0000 
78.4000 11648.0000 11680.0000 11490.0000 11464.0000 11549.0000 11487.0000 11468.0000 11634.0000 
78.6000 11629.0000 11608.0000 11512.0000 11571.0000 11466.0000 11539.0000 11734.0000 11605.0000 
78.8000 11849.0000 11483.0000 11681.0000 11555.0000 11565.0000 11601.0000 11582.0000 11434.0000 
79.0000 11715.0000 11552.0000 11439.0000 11415.0000 11639.0000 11581.0000 11551.0000 11653.0000 
79.2000 11736.0000 11475.0000 11420.0000 11437.0000 11571.0000 11453.0000 11652.0000 11522.0000 
79.4000 11751.0000 11382.0000 11320.0000 11527.0000 11658.0000 11659.0000 11608.0000 11630.0000 
79.6000 11728.0000 11556.0000 11479.0000 11449.0000 11592.0000 11627.0000 11695.0000 11539.0000 
79.8000 11791.0000 11546.0000 11424.0000 11504.0000 11591.0000 11531.0000 11745.0000 11580.0000 
80.0000 11672.0000 11730.0000 11593.0000 11644.0000 11546.0000 11351.0000 11618.0000 11538.0000 
80.2000 11664.0000 11535.0000 11663.0000 11598.0000 11512.0000 11520.0000 11575.0000 11542.0000 
80.4000 11669.0000 11400.0000 11709.0000 11501.0000 11525.0000 11474.0000 11541.0000 11550.0000 
80.6000 11599.0000 11519.0000 11428.0000 11427.0000 11518.0000 11587.0000 11674.0000 11690.0000 
80.8000 11626.0000 11552.0000 11499.0000 11437.0000 11537.0000 11450.0000 11647.0000 11509.0000 
81.0000 11699.0000 11640.0000 11524.0000 11448.0000 11653.0000 11569.0000 11660.0000 11387.0000 
81.2000 11611.0000 11634.0000 11478.0000 11501.0000 11498.0000 11528.0000 11634.0000 11581.0000 
81.4000 11672.0000 11600.0000 11539.0000 11524.0000 11419.0000 11447.0000 11749.0000 11593.0000 
81.6000 11836.0000 11620.0000 11627.0000 11409.0000 11455.0000 11664.0000 11631.0000 11596.0000 
81.8000 11697.0000 11625.0000 11418.0000 11578.0000 11686.0000 11507.0000 11585.0000 11521.0000 
82.0000 11716.0000 11678.0000 11557.0000 11498.0000 11502.0000 11599.0000 11774.0000 11558.0000 
82.2000 11611.0000 11541.0000 11481.0000 11484.0000 11749.0000 11449.0000 11590.0000 11547.0000 
82.4000 11709.0000 11673.0000 11601.0000 11393.0000 11736.0000 11472.0000 11737.0000 11672.0000 
82.6000 11612.0000 11639.0000 11470.0000 11562.0000 11648.0000 11499.0000 11671.0000 11603.0000 
82.8000 11742.0000 11750.0000 11654.0000 11502.0000 11641.0000 11648.0000 11781.0000 11790.0000 
83.0000 11616.0000 11494.0000 11591.0000 11557.0000 11650.0000 11432.0000 11527.0000 11646.0000 
83.2000 11718.0000 11607.0000 11465.0000 11365.0000 11535.0000 11541.0000 11685.0000 11444.0000 
83.4000 11752.0000 11523.0000 11672.0000 11537.0000 11614.0000 11481.0000 11608.0000 11631.0000 
83.6000 11644.0000 11653.0000 11586.0000 11596.0000 11538.0000 11648.0000 11586.0000 11550.0000 
83.8000 11654.0000 11688.0000 11475.0000 11509.0000 11603.0000 11528.0000 11526.0000 11569.0000 
84.0000 11698.0000 11563.0000 11540.0000 11519.0000 11501.0000 11625.0000 11348.0000 11565.0000 
84.2000 11780.0000 11579.0000 11442.0000 11671.0000 11589.0000 11640.0000 11682.0000 11675.0000 
84.4000 11721.0000 11572.0000 11463.0000 11436.0000 11560.0000 11388.0000 11514.0000 11489.0000 
84.6000 11610.0000 11520.0000 11493.0000 11499.0000 11533.0000 11351.0000 11634.0000 11438.0000 
84.8000 11680.0000 11582.0000 11687.0000 11604.0000 11594.0000 11411.0000 11656.0000 11444.0000 
85.0000 11750.0000 11633.0000 11546.0000 11423.0000 11520.0000 11652.0000 11739.0000 11567.0000 
85.2000 11572.0000 11574.0000 11321.0000 11572.0000 11503.0000 11487.0000 11667.0000 11587.0000 
85.4000 11900.0000 11464.0000 11541.0000 11506.0000 11665.0000 11539.0000 11383.0000 11432.0000 
85.6000 11565.0000 11592.0000 11530.0000 11593.0000 11521.0000 11575.0000 11564.0000 11490.0000 
85.8000 11539.0000 11500.0000 11509.0000 11350.0000 11419.0000 11641.0000 11629.0000 11629.0000 
86.0000 11548.0000 11476.0000 11464.0000 11481.0000 11535.0000 11477.0000 11656.0000 11398.0000 
86.2000 11534.0000 11579.0000 11590.0000 11416.0000 11446.0000 11429.0000 11471.0000 11552.0000 
86.4000 11566.0000 11471.0000 11464.0000 11382.0000 11435.0000 11488.0000 11560.0000 11708.0000 
86.6000 11803.0000 11569.0000 11494.0000 11326.0000 11714.0000 11532.0000 11546.0000 11438.0000 
86.8000 11643.0000 11429.0000 11628.0000 11559.0000 11469.0000 11497.0000 11529.0000 11692.0000 
87.0000 11709.0000 11527.0000 11633.0000 11487.0000 11777.0000 11609.0000 11792.0000 11527.0000 
87.2000 11776.0000 11614.0000 11452.0000 11452.0000 11356.0000 11339.0000 11658.0000 11423.0000 
87.4000 11765.0000 11553.0000 11747.0000 11560.0000 11468.0000 11482.0000 11618.0000 11721.0000 
87.6000 11653.0000 11460.0000 11622.0000 11397.0000 11475.0000 11495.0000 11603.0000 11560.0000 
87.8000 11716.0000 11502.0000 11546.0000 11632.0000 11521.0000 11619.0000 11634.0000 11571.0000 
88.0000 11607.0000 11580.0000 11474.0000 11410.0000 11529.0000 11545.0000 11524.0000 11499.0000 
88.2000 11709.0000 11620.0000 11499.0000 11535.0000 11505.0000 11583.0000 11705.0000 11621.0000 
88.4000 11721.0000 11550.0000 11387.0000 11601.0000 11437.0000 11435.0000 11646.0000 11493.0000 
88.6000 11647.0000 11528.0000 11619.0000 11420.0000 11495.0000 11461.0000 11616.0000 11584.0000 
88.8000 11673.0000 11673.0000 11525.0000 11569.0000 11555.0000 11484.0000 11706.0000 11633.0000 
89.0000 11624.0000 11680.0000 11524.0000 11590.0000 11616.0000 11483.0000 11652.0000 11440.0000 
89.2000 11539.0000 11493.0000 11637.0000 11496.0000 11681.0000 11442.0000 11623.0000 11585.0000 
89.4000 11662.0000 11719.0000 11618.0000 11463.0000 11673.0000 11503.0000 11632.0000 11625.0000 
89.6000 11720.0000 11635.0000 11716.0000 11549.0000 11708.0000 11482.0000 11539.0000 11616.0000 
89.8000 11847.0000 11676.0000 11444.0000 11503.0000 11535.0000 11574.0000 11601.0000 11731.0000 
90.0000 11724.0000 11539.0000 11622.0000 11434.0000 11507.0000 11531.0000 11556.0000 11709.0000 
90.2000 11798.0000 11511.0000 11650.0000 11573.0000 11464.0000 11636.0000 11348.0000 11531.0000 
90.4000 11599.0000 11605.0000 11375.0000 11378.0000 11461.0000 11495.0000 11504.0000 11592.0000 
90.6000 11569.0000 11711.0000 11540.0000 11388.0000 11629.0000 11559.0000 11542.0000 11526.0000 
90.8000 11755.0000 11528.0000 11451.0000 11371.0000 11688.0000 11235.0000 11604.0000 11660.0000 
91.0000 11736.0000 11617.0000 11413.0000 11406.0000 11487.0000 11571.0000 11560.0000 11534.0000 
91.2000 11768.0000 11645.0000 11534.0000 11566.0000 11587.0000 11571.0000 11718.0000 11486.0000 
91.4000 11609.0000 11534.0000 11443.0000 11541.0000 11647.0000 11577.0000 11750.0000 11478.0000 
91.6000 11764.0000 11535.0000 11530.0000 11459.0000 11651.0000 11603.0000 11755.0000 11480.0000 
91.8000 11830.0000 11482.0000 11612.0000 11432.0000 11530.0000 11641.0000 11401.0000 11523.0000 
92.0000 11712.0000 11512.0000 11380.0000 11632.0000 11482.0000 11446.0000 11496.0000 11606.0000 
92.2000 11691.0000 11420.0000 11442.0000 11438.0000 11633.0000 11474.0000 11629.0000 11399.0000 
92.4000 11738.0000 11548.0000 11646.0000 11433.0000 11535.0000 11519.0000 11711.0000 11633.0000 
92.6000 11775.0000 11488.0000 11430.0000 11531.0000 11491.0000 11524.0000 11718.0000 11608.0000 
92.8000 11650.0000 11595.0000 11416.0000 11472.0000 11525.0000 11594.0000 11706.0000 11351.0000 
93.0000 11641.0000 11540.0000 11559.0000 11499.0000 11733.0000 11495.0000 11691.0000 11611.0000 
93.2000 11788.0000 11567.0000 11508.0000 11489.0000 11614.0000 11549.0000 11687.0000 11487.0000 
93.4000 11682.0000 11465.0000 11583.0000 11483.0000 11604.0000 11634.0000 11580.0000 11464.0000 
93.6000 11681.0000 11632.0000 11511.0000 11516.0000 11636.0000 11391.0000 11560.0000 11446.0000 
93.8000 11558.0000 11466.0000 11693.0000 11681.0000 11519.0000 11636.0000 11674.0000 11549.0000 
94.0000 11823.0000 11634.0000 11447.0000 11236.0000 11486.0000 11441.0000 11697.0000 11625.0000 
94.2000 11702.0000 11597.0000 11555.0000 11401.0000 11453.0000 11394.0000 11534.0000 11502.0000 
94.4000 11525.0000 11501.0000 11586.0000 11430.0000 11578.0000 11555.0000 11492.0000 11491.0000 
94.6000 11770.0000 11489.0000 11654.0000 11577.0000 11586.0000 11592.0000 11580.0000 11567.0000 
94.8000 11720.0000 11484.0000 11658.0000 11440.0000 11577.0000 11521.0000 11675.0000 11621.0000 
95.0000 11674.0000 11581.0000 11643.0000 11305.0000 11582.0000 11449.0000 11601.0000 11732.0000 
95.2000 11771.0000 11595.0000 11589.0000 11408.0000 11608.0000 11589.0000 11449.0000 11617.0000 
95.4000 11799.0000 11597.0000 11465.0000 11629.0000 11709.0000 11520.0000 11661.0000 11570.0000 
95.6000 11731.0000 11586.0000 11436.0000 11456.0000 11654.0000 11415.0000 11537.0000 11611.0000 
95.8000 11666.0000 11654.0000 11572.0000 11492.0000 11564.0000 11341.0000 11542.0000 11496.0000 
96.0000 11581.0000 11539.0000 11505.0000 11532.0000 11545.0000 11447.0000 11661.0000 11400.0000 
96.2000 11767.0000 11596.0000 11518.0000 11588.0000 11423.0000 11647.0000 11701.0000 11557.0000 
96.4000 11633.0000 11481.0000 11472.0000 11557.0000 11464.0000 11428.0000 11544.0000 11582.0000 
96.6000 11607.0000 11621.0000 11653.0000 11415.0000 11481.0000 11524.0000 11670.0000 11548.0000 
96.8000 11759.0000 11560.0000 11401.0000 11495.0000 11457.0000 11645.0000 11627.0000 11708.0000 
97.0000 11554.0000 11555.0000 11500.0000 11459.0000 11560.0000 11600.0000 11558.0000 11500.0000 
97.2000 11798.0000 11489.0000 11406.0000 11513.0000 11634.0000 11451.0000 11605.0000 11636.0000 
97.4000 11650.0000 11595.0000 11544.0000 11486.0000 11405.0000 11528.0000 11394.0000 11566.0000 
97.6000 11608.0000 11437.0000 11456.0000 11547.0000 11619.0000 11408.0000 11608.0000 11700.0000 
97.8000 11554.0000 11756.0000 11598.0000 11615.0000 11494.0000 11412.0000 11646.0000 11540.0000 
98.0000 11690.0000 11695.0000 11657.0000 11517.0000 11712.0000 11722.0000 11613.0000 11585.0000 
98.2000 11773.0000 11440.0000 11505.0000 11542.0000 11571.0000 11445.0000 11708.0000 11507.0000 
98.4000 11537.0000 11500.0000 11476.0000 11394.0000 11383.0000 11529.0000 11444.0000 11426.0000 
98.6000 11776.0000 11559.0000 11468.0000 11526.0000 11683.0000 11506.0000 11665.0000 11578.0000 
98.8000 11605.0000 11548.0000 11635.0000 11445.0000 11533.0000 11685.0000 11629.0000 11520.0000 
99.0000 11565.0000 11560.0000 11484.0000 11477.0000 11461.0000 11493.0000 11600.0000 11631.0000 
99.2000 11773.0000 11499.0000 11635.0000 11364.0000 11506.0000 11615.0000 11573.0000 11476.0000 
99.4000 11581.0000 11395.0000 11434.0000 11390.0000 11479.0000 11568.0000 11524.0000 11674.0000 
99.6000 11688.0000 11571.0000 11482.0000 11554.0000 11540.0000 11533.0000 11709.0000 11540.0000 
99.8000 11664.0000 11477.0000 11665.0000 11482.0000 11639.0000 11536.0000 11552.0000 11420.0000 
100.0000 11626.0000 11579.0000 11557.0000 11466.0000 11434.0000 11559.0000 11591.0000 11582.0000 
100.2000 11799.0000 11431.0000 11565.0000 11454.0000 11633.0000 11424.0000 11484.0000 11534.0000 
100.4000 11820.0000 11443.0000 11414.0000 11527.0000 11539.0000 11589.0000 11646.0000 11573.0000 
100.6000 11758.0000 11432.0000 11387.0000 11443.0000 11750.0000 11568.0000 11449.0000 11546.0000 
100.8000 11717.0000 11513.0000 11351.0000 11420.0000 11610.0000 11487.0000 11577.0000 11428.0000 
101.0000 11690.0000 11521.0000 11612.0000 11336.0000 11558.0000 11664.0000 11598.0000 11535.0000 
101.2000 11777.0000 11618.0000 11596.0000 11527.0000 11622.0000 11625.0000 11612.0000 11615.0000 
101.4000 11674.0000 11541.0000 11572.0000 11408.0000 11574.0000 11623.0000 11648.0000 11489.0000 
101.6000 11670.0000 11690.0000 11495.0000 11459.0000 11650.0000 11550.0000 11696.0000 11516.0000 
101.8000 11704.0000 11644.0000 11705.0000 11527.0000 11634.0000 11662.0000 11613.0000 11609.0000 
102.0000 11752.0000 11634.0000 11548.0000 11444.0000 11553.0000 11557.0000 11508.0000 11568.0000 
102.2000 11728.0000 11564.0000 11535.0000 11446.0000 11616.0000 11567.0000 11545.0000 11746.0000 
102.4000 11597.0000 11522.0000 11641.0000 11491.0000 11640.0000 11368.0000 11615.0000 11505.0000 
102.6000 11570.0000 11504.0000 11496.0000 11577.0000 11548.0000 11433.0000 11637.0000 11492.0000 
102.8000 11746.0000 11534.0000 11619.0000 11560.0000 11635.0000 11456.0000 11706.0000 11531.0000 
103.0000 11675.0000 11598.0000 11443.0000 11537.0000 11636.0000 11634.0000 11549.0000 11646.0000 
103.2000 11763.0000 11514.0000 11512.0000 11572.0000 11750.0000 11377.0000 11724.0000 11438.0000 
103.4000 11838.0000 11600.0000 11465.0000 11432.0000 11569.0000 11505.0000 11660.0000 11062.0000 
103.6000 11677.0000 11446.0000 11575.0000 11466.0000 11506.0000 11539.0000 11587.0000 11634.0000 
103.8000 11648.0000 11674.0000 11519.0000 11519.0000 11672.0000 11433.0000 11575.0000 11673.0000 
104.0000 11691.0000 11590.0000 11541.0000 11401.0000 11745.0000 11496.0000 11712.0000 11606.0000 
104.2000 11642.0000 11545.0000 11565.0000 11488.0000 11672.0000 11630.0000 11668.0000 11729.0000 
104.4000 11571.0000 11608.0000 11547.0000 11551.0000 11546.0000 11641.0000 11660.0000 11513.0000 
104.6000 11701.0000 11636.0000 11431.0000 11579.0000 11506.0000 11617.0000 11684.0000 11561.0000 
104.8000 11570.0000 11568.0000 11499.0000 11448.0000 11565.0000 11536.0000 11756.0000 11564.0000 
105.0000 11757.0000 11435.0000 11563.0000 11449.0000 11555.0000 11440.0000 11747.0000 11360.0000 
105.2000 11812.0000 11662.0000 11687.0000 11545.0000 11673.0000 11745.0000 11737.0000 11538.0000 
105.4000 11752.0000 11412.0000 11424.0000 11638.0000 11447.0000 11622.0000 11554.0000 11645.0000 
105.6000 11582.0000 11583.0000 11465.0000 11472.0000 11636.0000 11667.0000 11675.0000 11639.0000 
105.8000 11763.0000 11519.0000 11407.0000 11444.0000 11597.0000 11480.0000 11654.0000 11622.0000 
106.0000 11801.0000 11515.0000 11628.0000 11561.0000 11379.0000 11404.0000 11661.0000 11510.0000 
106.2000 11718.0000 11550.0000 11540.0000 11261.0000 11513.0000 11378.0000 11543.0000 11527.0000 
106.4000 11722.0000 11623.0000 11379.0000 11370.0000 11623.0000 11345.0000 11629.0000 11387.0000 
106.6000 11775.0000 11562.0000 11588.0000 11698.0000 11689.0000 11471.0000 11683.0000 11549.0000 
106.8000 11583.0000 11572.0000 11436.0000 11526.0000 11572.0000 11381.0000 11753.0000 11641.0000 
107.0000 11703.0000 11439.0000 11366.0000 11637.0000 11640.0000 11440.0000 11438.0000 11537.0000 
107.2000 11618.0000 11637.0000 11675.0000 11481.0000 11665.0000 11515.0000 11547.0000 11679.0000 
107.4000 11755.0000 11634.0000 11477.0000 11592.0000 11548.0000 11635.0000 11683.0000 11541.0000 
107.6000 11788.0000 11676.0000 11426.0000 11572.0000 11636.0000 11409.0000 11741.0000 11616.0000 
107.8000 11736.0000 11588.0000 11451.0000 11427.0000 11592.0000 11419.0000 11543.0000 11590.0000 
108.0000 11591.0000 11431.0000 11278.0000 11504.0000 11468.0000 11329.0000 11472.0000 11436.0000 
108.2000 11566.0000 11677.0000 11567.0000 11244.0000 11529.0000 11520.0000 11608.0000 11450.0000 
108.4000 11588.0000 11384.0000 11270.0000 11294.0000 11295.0000 11164.0000 11454.0000 11435.0000 
108.6000 11724.0000 11698.0000 11414.0000 11493.0000 11636.0000 11523.0000 11735.0000 11835.0000 
108.8000 11429.0000 11537.0000 11437.0000 11108.0000 11403.0000 11247.0000 11481.0000 11493.0000 
109.0000 11684.0000 11598.0000 11551.0000 11564.0000 11483.0000 11539.0000 11447.0000 11708.0000 
109.2000 11500.0000 11445.0000 11267.0000 11375.0000 11383.0000 11178.0000 11517.0000 11341.0000 
109.4000 11732.0000 11687.0000 11581.0000 11651.0000 11502.0000 11420.0000 11586.0000 11672.0000 
109.6000 11557.0000 11432.0000 11325.0000 11371.0000 11423.0000 11277.0000 11478.0000 11299.0000 
109.8000 11699.0000 11437.0000 11424.0000 11630.0000 11549.0000 11555.0000 11729.0000 11539.0000 
110.0000 11406.0000 11249.0000 11423.0000 11250.0000 11370.0000 11467.0000 11406.0000 11320.0000 
110.2000 11575.0000 11359.0000 11401.0000 11523.0000 11510.0000 11543.0000 11674.0000 11584.0000 
110.4000 11483.0000 11386.0000 11148.0000 11322.0000 11432.0000 11292.0000 11570.0000 11206.0000 
110.6000 11384.0000 11525.0000 11483.0000 11558.0000 11600.0000 11445.0000 11688.0000 11604.0000 
110.8000 11395.0000 11292.0000 11186.0000 11286.0000 11426.0000 11155.0000 11319.0000 11254.0000 
111.0000 11654.0000 11497.0000 11620.0000 11395.0000 11713.0000 11459.0000 11682.0000 11573.0000 
111.2000 11364.0000 11237.0000 11421.0000 11222.0000 11475.0000 11272.0000 11438.0000 11355.0000 
111.4000 11591.0000 11493.0000 11567.0000 11449.0000 11530.0000 11566.0000 11657.0000 11562.0000 
111.6000 11421.0000 11230.0000 11294.0000 11269.0000 11341.0000 11224.0000 11570.0000 11388.0000 
111.8000 11757.0000 11451.0000 11588.0000 11471.0000 11621.0000 11545.0000 11763.0000 11698.0000 
112.0000 11491.0000 11411.0000 11190.0000 11224.0000 11280.0000 11458.0000 11392.0000 11369.0000 
112.2000 11608.0000 11627.0000 11495.0000 11452.0000 11527.0000 11623.0000 11593.0000 11521.0000 
112.4000 11361.0000 11431.0000 11308.0000 11342.0000 11448.0000 11335.0000 11370.0000 11386.0000 
112.6000 11657.0000 11571.0000 11440.0000 11563.0000 11504.0000 11474.0000 11566.0000 11466.0000 
112.8000 11399.0000 11430.0000 11431.0000 11140.0000 11400.0000 11236.0000 11455.0000 11334.0000 
113.0000 11641.0000 11510.0000 11564.0000 11550.0000 11520.0000 11568.0000 11644.0000 11661.0000 
113.2000 11391.0000 11254.0000 11289.0000 11245.0000 11427.0000 11207.0000 11445.0000 11427.0000 
113.4000 11664.0000 11556.0000 11492.0000 11511.0000 11661.0000 11416.0000 11500.0000 11330.0000 
113.6000 11191.0000 11268.0000 11463.0000 11278.0000 11398.0000 11282.0000 11397.0000 11299.0000 
113.8000 11430.0000 11464.0000 11365.0000 11352.0000 11556.0000 11585.0000 11701.0000 11579.0000 
114.0000 11610.0000 11264.0000 11363.0000 11146.0000 11284.0000 11155.0000 11309.0000 11511.0000 
114.2000 11748.0000 11661.0000 11474.0000 11429.0000 11668.0000 11409.0000 11668.0000 11415.0000 
114.4000 11511.0000 11441.0000 11457.0000 11258.0000 11418.0000 11188.0000 11409.0000 11216.0000 
114.6000 11552.0000 11488.0000 11515.0000 11381.0000 11448.0000 11512.0000 11632.0000 11544.0000 
114.8000 11357.0000 11186.0000 11188.0000 11232.0000 11194.0000 11387.0000 11385.0000 11223.0000 
115.0000 11559.0000 11314.0000 11359.0000 11356.0000 11627.0000 11463.0000 11736.0000 11564.0000 
115.2000 11325.0000 11339.0000 11326.0000 11359.0000 11385.0000 11401.0000 11393.0000 11464.0000 
115.4000 11499.0000 11251.0000 11497.0000 11481.0000 11561.0000 11534.0000 11643.0000 11588.0000 
115.6000 11421.0000 11436.0000 11303.0000 11362.0000 11379.0000 11280.0000 11386.0000 11299.0000 
115.8000 11505.0000 11575.0000 11616.0000 11429.0000 11515.0000 11604.0000 11592.0000 11586.0000 
116.0000 11437.0000 11472.0000 11402.0000 11249.0000 11268.0000 11396.0000 11542.0000 11369.0000 
116.2000 11743.0000 11389.0000 11458.0000 11405.0000 11636.0000 11619.0000 11670.0000 11652.0000 
116.4000 11511.0000 11275.0000 11089.0000 11174.0000 11289.0000 11291.0000 11452.0000 11454.0000 
116.6000 11793.0000 11505.0000 11469.0000 11362.0000 11531.0000 11461.0000 11627.0000 11470.0000 
116.8000 11555.0000 11418.0000 11177.0000 11327.0000 11317.0000 11216.0000 11367.0000 11415.0000 
117.0000 11595.0000 11406.0000 11535.0000 11543.0000 11416.0000 11551.0000 11617.0000 11672.0000 
117.2000 11541.0000 11288.0000 11401.0000 11442.0000 11495.0000 11195.0000 11385.0000 11263.0000 
117.4000 11625.0000 11615.0000 11313.0000 11370.0000 11737.0000 11429.0000 11566.0000 11486.0000 
117.6000 11218.0000 11554.0000 11195.0000 11336.0000 11438.0000 11323.0000 11278.0000 11210.0000 
117.8000 11582.0000 11470.0000 11346.0000 11350.0000 11709.0000 11434.0000 11534.0000 11633.0000 
118.0000 11326.0000 11290.0000 11184.0000 11242.0000 11511.0000 11290.0000 11472.0000 11442.0000 
118.2000 11538.0000 11540.0000 11460.0000 11474.0000 11608.0000 11717.0000 11654.0000 11396.0000 
118.4000 11478.0000 11430.0000 11228.0000 11415.0000 11491.0000 11279.0000 11474.0000 11412.0000 
118.6000 11668.0000 11484.0000 11562.0000 11597.0000 11408.0000 11480.0000 11539.0000 11478.0000 
118.8000 11423.0000 11310.0000 11369.0000 11304.0000 11397.0000 11232.0000 11422.0000 11334.0000 
119.0000 11633.0000 11717.0000 11526.0000 11482.0000 11654.0000 11446.0000 11701.0000 11545.0000 
119.2000 11388.0000 11240.0000 11289.0000 11260.0000 11203.0000 11210.0000 11536.0000 11374.0000 
119.4000 11621.0000 11473.0000 11428.0000 11532.0000 11362.0000 11577.0000 11614.0000 11542.0000 
119.6000 11526.0000 11274.0000 11384.0000 11273.0000 11250.0000 11307.0000 11441.0000 11423.0000 
119.8000 11642.0000 11659.0000 11591.0000 11446.0000 11603.0000 11374.0000 11495.0000 11647.0000 
120.0000 11434.0000 11336.0000 11238.0000 11220.0000 11481.0000 11368.0000 11368.0000 11275.0000 
120.2000 11543.0000 11424.0000 11570.0000 11477.0000 11563.0000 11460.0000 11397.0000 11472.0000 
120.4000 11451.0000 11301.0000 11263.0000 11226.0000 11436.0000 11336.0000 11502.0000 11348.0000 
120.6000 11691.0000 11435.0000 11463.0000 11519.0000 11690.0000 11416.0000 11731.0000 11576.0000 
120.8000 11328.0000 11311.0000 11281.0000 11200.0000 11363.0000 11352.0000 11334.0000 11409.0000 
121.0000 11532.0000 11743.0000 11574.0000 11592.0000 11710.0000 11635.0000 11479.0000 11493.0000 
121.2000 11365.0000 11362.0000 11276.0000 11375.0000 11285.0000 11266.0000 11425.0000 11356.0000 
121.4000 11607.0000 11526.0000 11406.0000 11435.0000 11432.0000 11661.0000 11623.0000 11514.0000 
121.6000 11317.0000 11187.0000 11310.0000 11280.0000 11348.0000 11361.0000 11370.0000 11334.0000 
121.8000 11534.0000 11630.0000 11334.0000 11413.0000 11356.0000 11468.0000 11626.0000 11582.0000 
122.0000 11402.0000 11404.0000 11342.0000 11277.0000 11429.0000 11261.0000 11422.0000 11226.0000 
122.2000 11735.0000 11496.0000 11451.0000 11406.0000 11527.0000 11538.0000 11682.0000 11542.0000 
122.4000 11326.0000 11265.0000 11310.0000 11239.0000 11216.0000 11217.0000 11344.0000 11238.0000 
122.6000 11485.0000 11471.0000 11253.0000 11539.0000 11504.0000 11492.0000 11604.0000 11571.0000 
122.8000 11457.0000 11341.0000 11354.0000 11357.0000 11288.0000 11362.0000 11443.0000 11272.0000 
123.0000 11634.0000 11642.0000 11532.0000 11568.0000 11599.0000 11517.0000 11653.0000 11532.0000 
123.2000 11552.0000 11415.0000 11319.0000 11321.0000 11388.0000 11363.0000 11412.0000 11296.0000 
123.4000 11562.0000 11437.0000 11495.0000 11542.0000 11455.0000 11684.0000 11574.0000 11668.0000 
123.6000 11540.0000 11268.0000 11346.0000 11243.0000 11373.0000 11343.0000 11370.0000 11334.0000 
123.8000 11498.0000 11711.0000 11615.0000 11392.0000 11703.0000 11481.0000 11565.0000 11540.0000 
124.0000 11459.0000 11476.0000 11272.0000 11273.0000 11231.0000 11435.0000 11374.0000 11364.0000 
124.2000 11630.0000 11623.0000 11308.0000 11368.0000 11433.0000 11378.0000 11449.0000 11481.0000 
124.4000 11461.0000 11360.0000 11294.0000 11385.0000 11346.0000 11164.0000 11322.0000 11305.0000 
124.6000 11696.0000 11484.0000 11547.0000 11462.0000 11672.0000 11430.0000 11589.0000 11556.0000 
124.8000 11531.0000 11273.0000 11326.0000 11337.0000 11430.0000 11399.0000 11256.0000 11325.0000 
125.0000 11599.0000 11465.0000 11433.0000 11335.0000 11536.0000 11403.0000 11529.0000 11388.0000 
125.2000 11375.0000 11254.0000 11357.0000 11201.0000 11275.0000 11402.0000 11385.0000 11323.0000 
125.4000 11571.0000 11608.0000 11408.0000 11473.0000 11635.0000 11608.0000 11675.0000 11621.0000 
125.6000 11616.0000 11304.0000 11352.0000 11169.0000 11326.0000 11298.0000 11381.0000 11286.0000 
125.8000 11552.0000 11533.0000 11412.0000 11461.0000 11593.0000 11517.0000 11648.0000 11508.0000 
126.0000 11298.0000 11295.0000 11352.0000 11159.0000 11323.0000 11350.0000 11363.0000 11442.0000 
126.2000 11609.0000 11490.0000 11362.0000 11419.0000 11493.0000 11363.0000 11566.0000 11617.0000 
126.4000 11528.0000 11371.0000 11254.0000 11434.0000 11214.0000 11390.0000 11227.0000 11413.0000 
126.6000 11718.0000 11522.0000 11538.0000 11431.0000 11529.0000 11476.0000 11546.0000 11411.0000 
126.8000 11479.0000 11391.0000 11329.0000 11294.0000 11262.0000 11293.0000 11323.0000 11245.0000 
127.0000 11603.0000 11643.0000 11486.0000 11652.0000 11552.0000 11449.0000 11625.0000 11589.0000 
127.2000 11428.0000 11378.0000 11290.0000 11268.0000 11385.0000 11345.0000 11369.0000 11483.0000 
127.4000 11679.0000 11545.0000 11424.0000 11569.0000 11507.0000 11601.0000 11580.0000 11626.0000 
127.6000 11596.0000 11341.0000 11356.0000 11414.0000 11232.0000 11315.0000 11397.0000 11409.0000 
127.8000 11456.0000 11540.0000 11407.0000 11445.0000 11685.0000 11374.0000 11599.0000 11553.0000 
128.0000 11540.0000 11299.0000 11420.0000 11331.0000 11384.0000 11307.0000 11160.0000 11417.0000 
128.2000 11574.0000 11437.0000 11424.0000 11358.0000 11467.0000 11379.0000 11479.0000 11648.0000 
128.4000 11503.0000 11320.0000 11331.0000 11261.0000 11482.0000 11412.0000 11447.0000 11316.0000 
128.6000 11615.0000 11398.0000 11536.0000 11412.0000 11563.0000 11499.0000 11555.0000 11520.0000 
128.8000 11401.0000 11228.0000 11279.0000 11144.0000 11506.0000 11397.0000 11518.0000 11380.0000 
129.0000 11568.0000 11439.0000 11377.0000 11404.0000 11456.0000 11530.0000 11601.0000 11488.0000 
129.2000 11430.0000 11333.0000 11206.0000 11283.0000 11399.0000 11250.0000 11460.0000 11306.0000 
129.4000 11708.0000 11516.0000 11456.0000 11409.0000 11546.0000 11561.0000 11618.0000 11577.0000 
129.6000 11615.0000 11347.0000 11327.0000 11211.0000 11445.0000 11372.0000 11460.0000 11315.0000 
129.8000 11632.0000 11511.0000 11493.0000 11347.0000 11627.0000 11469.0000 11595.0000 11671.0000 
130.0000 11267.0000 11372.0000 11291.0000 11300.0000 11382.0000 11270.0000 11490.0000 11216.0000 
130.2000 11732.0000 11488.0000 11497.0000 11587.0000 11502.0000 11607.0000 11642.0000 11577.0000 
130.4000 11248.0000 11314.0000 11345.0000 11299.0000 11378.0000 11244.0000 11513.0000 11409.0000 
130.6000 11664.0000 11589.0000 11457.0000 11551.0000 11477.0000 11550.0000 11677.0000 11393.0000 
130.8000 11381.0000 11353.0000 11335.0000 11406.0000 11270.0000 11320.0000 11325.0000 11321.0000 
131.0000 11580.0000 11432.0000 11575.0000 11456.0000 11479.0000 11535.0000 11551.0000 11369.0000 
131.2000 11492.0000 11467.0000 11333.0000 11268.0000 11300.0000 11228.0000 11336.0000 11304.0000 
131.4000 11475.0000 11678.0000 11516.0000 11385.0000 11459.0000 11478.0000 11479.0000 11703.0000 
131.6000 11507.0000 11381.0000 11282.0000 11389.0000 11404.0000 11226.0000 11480.0000 11353.0000 
131.8000 11547.0000 11514.0000 11529.0000 11378.0000 11506.0000 11694.0000 11471.0000 11579.0000 
132.0000 11377.0000 11315.0000 11339.0000 11274.0000 11261.0000 11309.0000 11394.0000 11442.0000 
132.2000 11576.0000 11446.0000 11544.0000 11405.0000 11704.0000 11522.0000 11595.0000 11510.0000 
132.4000 11388.0000 11311.0000 11228.0000 11238.0000 11463.0000 11315.0000 11301.0000 11362.0000 
132.6000 11540.0000 11584.0000 11439.0000 11512.0000 11789.0000 11709.0000 11476.0000 11669.0000 
132.8000 11330.0000 11433.0000 11330.0000 11277.0000 11397.0000 11256.0000 11280.0000 11368.0000 
133.0000 11639.0000 11634.0000 11476.0000 11407.0000 11394.0000 11426.0000 11463.0000 11472.0000 
133.2000 11358.0000 11486.0000 11260.0000 11354.0000 11424.0000 11093.0000 11343.0000 11352.0000 
133.4000 11688.0000 11686.0000 11443.0000 11514.0000 11469.0000 11745.0000 11683.0000 11539.0000 
133.6000 11403.0000 11364.0000 11306.0000 11356.0000 11424.0000 11408.0000 11460.0000 11438.0000 
133.8000 11631.0000 11615.0000 11484.0000 11402.0000 11513.0000 11479.0000 11563.0000 11579.0000 
134.0000 11489.0000 11414.0000 11390.0000 11346.0000 11520.0000 11170.0000 11409.0000 11422.0000 
134.2000 11526.0000 11428.0000 11502.0000 11388.0000 11516.0000 11629.0000 11655.0000 11650.0000 
134.4000 11288.0000 11457.0000 11301.0000 11168.0000 11419.0000 11316.0000 11465.0000 11378.0000 
134.6000 11659.0000 11604.0000 11474.0000 11479.0000 11477.0000 11429.0000 11608.0000 11675.0000 
134.8000 11386.0000 11303.0000 11201.0000 11421.0000 11311.0000 11261.0000 11355.0000 11361.0000 
135.0000 11590.0000 11601.0000 11462.0000 11615.0000 11608.0000 11504.0000 11580.0000 11521.0000 
135.2000 11551.0000 11444.0000 11227.0000 11234.0000 11346.0000 11280.0000 11360.0000 11418.0000 
135.4000 11701.0000 11604.0000 11510.0000 11466.0000 11418.0000 11429.0000 11587.0000 11562.0000 
135.6000 11421.0000 11387.0000 11285.0000 11422.0000 11384.0000 11394.0000 11380.0000 11449.0000 
135.8000 11591.0000 11443.0000 11535.0000 11397.0000 11495.0000 11530.0000 11504.0000 11534.0000 
136.0000 11381.0000 11352.0000 11334.0000 11331.0000 11391.0000 11317.0000 11566.0000 11361.0000 
136.2000 11540.0000 11368.0000 11474.0000 11293.0000 11460.0000 11343.0000 11534.0000 11557.0000 
136.4000 11468.0000 11303.0000 11298.0000 11189.0000 11377.0000 11378.0000 11364.0000 11338.0000 
136.6000 11479.0000 11507.0000 11355.0000 11431.0000 11490.0000 11376.0000 11596.0000 11611.0000 
136.8000 11485.0000 11222.0000 11289.0000 11273.0000 11341.0000 11233.0000 11307.0000 11403.0000 
137.0000 11583.0000 11518.0000 11348.0000 11398.0000 11628.0000 11446.0000 11607.0000 11455.0000 
137.2000 11332.0000 11221.0000 11282.0000 11335.0000 11335.0000 11301.0000 11366.0000 11359.0000 
137.4000 11683.0000 11479.0000 11602.0000 11507.0000 11571.0000 11477.0000 11472.0000 11624.0000 
137.6000 11463.0000 11296.0000 11318.0000 11364.0000 11271.0000 11388.0000 11446.0000 11467.0000 
137.8000 11659.0000 11484.0000 11512.0000 11515.0000 11577.0000 11475.0000 11464.0000 11547.0000 
138.0000 11643.0000 11377.0000 11337.0000 11322.0000 11356.0000 11380.0000 11416.0000 11484.0000 
138.2000 11596.0000 11471.0000 11375.0000 11384.0000 11473.0000 11529.0000 11472.0000 11553.0000 
138.4000 11446.0000 11289.0000 11204.0000 11323.0000 11364.0000 11336.0000 11358.0000 11246.0000 
138.6000 11608.0000 11492.0000 11454.0000 11444.0000 11532.0000 11618.0000 11459.0000 11539.0000 
138.8000 11612.0000 11169.0000 11412.0000 11350.0000 11266.0000 11153.0000 11499.0000 11442.0000 
139.0000 11646.0000 11441.0000 11446.0000 11462.0000 11619.0000 11544.0000 11544.0000 11601.0000 
139.2000 11621.0000 11249.0000 11314.0000 11347.0000 11392.0000 11494.0000 11481.0000 11420.0000 
139.4000 11551.0000 11446.0000 11472.0000 11409.0000 11442.0000 11343.0000 11542.0000 11620.0000 
139.6000 11478.0000 11279.0000 11256.0000 11274.0000 11203.0000 11214.0000 11443.0000 11446.0000 
139.8000 11682.0000 11488.0000 11417.0000 11631.0000 11636.0000 11413.0000 11522.0000 11605.0000 
140.0000 11521.0000 11356.0000 11466.0000 11512.0000 11495.0000 11323.0000 11483.0000 11426.0000 
140.2000 11545.0000 11587.0000 11466.0000 11600.0000 11625.0000 11574.0000 11517.0000 11566.0000 
140.4000 11379.0000 11212.0000 11212.0000 11302.0000 11334.0000 11351.0000 11404.0000 11314.0000 
140.6000 11556.0000 11464.0000 11557.0000 11501.0000 11401.0000 11617.0000 11612.0000 11606.0000 
140.8000 11485.0000 11354.0000 11280.0000 11331.0000 11424.0000 11318.0000 11353.0000 11326.0000 
141.0000 11541.0000 11556.0000 11570.0000 11535.0000 11500.0000 11573.0000 11597.0000 11576.0000 
141.2000 11421.0000 11489.0000 11260.0000 11327.0000 11368.0000 11205.0000 11410.0000 11311.0000 
141.4000 11672.0000 11566.0000 11601.0000 11497.0000 11531.0000 11387.0000 11661.0000 11426.0000 
141.6000 11429.0000 11327.0000 11287.0000 11259.0000 11467.0000 11336.0000 11448.0000 11308.0000 
141.8000 11541.0000 11502.0000 11328.0000 11463.0000 11443.0000 11449.0000 11538.0000 11562.0000 
142.0000 11311.0000 11068.0000 11310.0000 11326.0000 11255.0000 11363.0000 11332.0000 11320.0000 
142.2000 11526.0000 11425.0000 11434.0000 11367.0000 11437.0000 11390.0000 11562.0000 11581.0000 
142.4000 11386.0000 11454.0000 11469.0000 11264.0000 11328.0000 11224.0000 11391.0000 11367.0000 
142.6000 11597.0000 11366.0000 11495.0000 11487.0000 11600.0000 11494.0000 11443.0000 11536.0000 
142.8000 11344.0000 11291.0000 11522.0000 11145.0000 11273.0000 11250.0000 11512.0000 11380.0000 
143.0000 11454.0000 11468.0000 11495.0000 11363.0000 11457.0000 11505.0000 11560.0000 11418.0000 
143.2000 11369.0000 11412.0000 11288.0000 11350.0000 11265.0000 11217.0000 11324.0000 11221.0000 
143.4000 11695.0000 11594.0000 11606.0000 11382.0000 11378.0000 11499.0000 11633.0000 11615.0000 
143.6000 11577.0000 11286.0000 11387.0000 11335.0000 11401.0000 11383.0000 11383.0000 11140.0000 
143.8000 11631.0000 11542.0000 11548.0000 11472.0000 11470.0000 11364.0000 11591.0000 11612.0000 
144.0000 11573.0000 11390.0000 11278.0000 11398.0000 11364.0000 11362.0000 11547.0000 11230.0000 
144.2000 11558.0000 11460.0000 11548.0000 11476.0000 11603.0000 11409.0000 11614.0000 11511.0000 
144.4000 11471.0000 11385.0000 11395.0000 11175.0000 11401.0000 11148.0000 11405.0000 11462.0000 
144.6000 11677.0000 11434.0000 11511.0000 11452.0000 11567.0000 11447.0000 11736.0000 11735.0000 
144.8000 11498.0000 11347.0000 11305.0000 11271.0000 11273.0000 11381.0000 11328.0000 11440.0000 
145.0000 11733.0000 11547.0000 11547.0000 11362.0000 11529.0000 11406.0000 11521.0000 11469.0000 
145.2000 11388.0000 11290.0000 11499.0000 11293.0000 11347.0000 11346.0000 11497.0000 11507.0000 
145.4000 11662.0000 11595.0000 11473.0000 11502.0000 11546.0000 11506.0000 11628.0000 11473.0000 
145.6000 11399.0000 11446.0000 11346.0000 11411.0000 11376.0000 11318.0000 11381.0000 11347.0000 
145.8000 11555.0000 11417.0000 11438.0000 11416.0000 11681.0000 11556.0000 11501.0000 11471.0000 
146.0000 11274.0000 11445.0000 11267.0000 11383.0000 11526.0000 11254.0000 11286.0000 11406.0000 
146.2000 11644.0000 11554.0000 11563.0000 11574.0000 11457.0000 11602.0000 11577.0000 11443.0000 
146.4000 11486.0000 11413.0000 11363.0000 11404.0000 11390.0000 11331.0000 11607.0000 11475.0000 
146.6000 11630.0000 11420.0000 11443.0000 11424.0000 11500.0000 11576.0000 11749.0000 11417.0000 
146.8000 11569.0000 11235.0000 11289.0000 11233.0000 11290.0000 11425.0000 11410.0000 11154.0000 
147.0000 11678.0000 11469.0000 11548.0000 11371.0000 11425.0000 11441.0000 11494.0000 11529.0000 
147.2000 11414.0000 11374.0000 11266.0000 11320.0000 11340.0000 11244.0000 11443.0000 11237.0000 
147.4000 11588.0000 11552.0000 11393.0000 11473.0000 11476.0000 11661.0000 11501.0000 11456.0000 
147.6000 11438.0000 11281.0000 11293.0000 11229.0000 11203.0000 11316.0000 11415.0000 11252.0000 
147.8000 11513.0000 11431.0000 11405.0000 11647.0000 11594.0000 11482.0000 11715.0000 11617.0000 
148.0000 11422.0000 11308.0000 11330.0000 11034.0000 11392.0000 11314.0000 11351.0000 11272.0000 
148.2000 11603.0000 11449.0000 11446.0000 11404.0000 11486.0000 11428.0000 11561.0000 11560.0000 
148.4000 11486.0000 11345.0000 11411.0000 11272.0000 11426.0000 11327.0000 11315.0000 11383.0000 
148.6000 11507.0000 11635.0000 11553.0000 11532.0000 11704.0000 11467.0000 11497.0000 11623.0000 
148.8000 11403.0000 11299.0000 11431.0000 11312.0000 11549.0000 11316.0000 11486.0000 11330.0000 
149.0000 11553.0000 11610.0000 11467.0000 11425.0000 11478.0000 11524.0000 11782.0000 11500.0000 
149.2000 11496.0000 11443.0000 11128.0000 11281.0000 11397.0000 11264.0000 11506.0000 11314.0000 
149.4000 11614.0000 11618.0000 11328.0000 11475.0000 11557.0000 11601.0000 11658.0000 11436.0000 
149.6000 11493.0000 11256.0000 11126.0000 11382.0000 11471.0000 11226.0000 11521.0000 11359.0000 
149.8000 11646.0000 11503.0000 11576.0000 11407.0000 11602.0000 11518.0000 11548.0000 11562.0000 
150.0000 11292.0000 11301.0000 11433.0000 11213.0000 11273.0000 11499.0000 11468.0000 11240.0000 
150.2000 11676.0000 11574.0000 11493.0000 11572.0000 11686.0000 11400.0000 11661.0000 11600.0000 
150.4000 11575.0000 11413.0000 11238.0000 11367.0000 11469.0000 11163.0000 11314.0000 11114.0000 
150.6000 11545.0000 11391.0000 11467.0000 11444.0000 11402.0000 11647.0000 11618.0000 11519.0000 
150.8000 11455.0000 11329.0000 11367.0000 11286.0000 11333.0000 11299.0000 11378.0000 11405.0000 
151.0000 11625.0000 11595.0000 11473.0000 11423.0000 11612.0000 11408.0000 11607.0000 11668.0000 
151.2000 11477.0000 11268.0000 11347.0000 11122.0000 11346.0000 11308.0000 11357.0000 11265.0000 
151.4000 11645.0000 11395.0000 11309.0000 11540.0000 11674.0000 11395.0000 11657.0000 11429.0000 
151.6000 11421.0000 11213.0000 11213.0000 11253.0000 11589.0000 11346.0000 11413.0000 11352.0000 
151.8000 11605.0000 11536.0000 11441.0000 11538.0000 11536.0000 11595.0000 11503.0000 11543.0000 
152.0000 11354.0000 11308.0000 11364.0000 11124.0000 11374.0000 11256.0000 11330.0000 11420.0000 
152.2000 11597.0000 11575.0000 11378.0000 11358.0000 11493.0000 11562.0000 11573.0000 11650.0000 
152.4000 11446.0000 11288.0000 11237.0000 11312.0000 11467.0000 11183.0000 11318.0000 11530.0000 
152.6000 11670.0000 11639.0000 11547.0000 11568.0000 11495.0000 11515.0000 11647.0000 11567.0000 
152.8000 11531.0000 11417.0000 11351.0000 11416.0000 11417.0000 11311.0000 11364.0000 11416.0000 
153.0000 11700.0000 11433.0000 11529.0000 11349.0000 11675.0000 11504.0000 11585.0000 11497.0000 
153.2000 11468.0000 11442.0000 11272.0000 11158.0000 11372.0000 11212.0000 11484.0000 11285.0000 
153.4000 11600.0000 11538.0000 11403.0000 11304.0000 11459.0000 11483.0000 11485.0000 11393.0000 
153.6000 11585.0000 11300.0000 11376.0000 11242.0000 11404.0000 11222.0000 11438.0000 11349.0000 
153.8000 11524.0000 11572.0000 11475.0000 11376.0000 11380.0000 11366.0000 11594.0000 11542.0000 
154.0000 11543.0000 11277.0000 11122.0000 11315.0000 11207.0000 11123.0000 11306.0000 11276.0000 
154.2000 11619.0000 11562.0000 11405.0000 11389.0000 11508.0000 11529.0000 11506.0000 11615.0000 
154.4000 11422.0000 11271.0000 11201.0000 11143.0000 11401.0000 11224.0000 11369.0000 11382.0000 
154.6000 11491.0000 11401.0000 11581.0000 11462.0000 11623.0000 11398.0000 11561.0000 11390.0000 
154.8000 11406.0000 11447.0000 11392.0000 11472.0000 11359.0000 11272.0000 11295.0000 11427.0000 
155.0000 11585.0000 11441.0000 11430.0000 11560.0000 11658.0000 11363.0000 11544.0000 11491.0000 
155.2000 11560.0000 11406.0000 11387.0000 11324.0000 11340.0000 11432.0000 11488.0000 11428.0000 
155.4000 11703.0000 11475.0000 11561.0000 11483.0000 11621.0000 11599.0000 11660.0000 11526.0000 
155.6000 11400.0000 11450.0000 11340.0000 11411.0000 11347.0000 11181.0000 11386.0000 11290.0000 
155.8000 11664.0000 11610.0000 11530.0000 11503.0000 11703.0000 11475.0000 11636.0000 11564.0000 
156.0000 11317.0000 11251.0000 11348.0000 11281.0000 11354.0000 11279.0000 11501.0000 11228.0000 
156.2000 11715.0000 11487.0000 11443.0000 11460.0000 11594.0000 11475.0000 11482.0000 11589.0000 
156.4000 11449.0000 11159.0000 11130.0000 11431.0000 11309.0000 11270.0000 11362.0000 11421.0000 
156.6000 11585.0000 11495.0000 11427.0000 11448.0000 11675.0000 11473.0000 11557.0000 11625.0000 
156.8000 11364.0000 11249.0000 11161.0000 11191.0000 11321.0000 11247.0000 11467.0000 11392.0000 
157.0000 11765.0000 11413.0000 11441.0000 11379.0000 11459.0000 11571.0000 11569.0000 11472.0000 
157.2000 11275.0000 11336.0000 11326.0000 11202.0000 11405.0000 11190.0000 11372.0000 11412.0000 
157.4000 11684.0000 11640.0000 11632.0000 11520.0000 11545.0000 11425.0000 11632.0000 11636.0000 
157.6000 11349.0000 11382.0000 11369.0000 11059.0000 11373.0000 11323.0000 11485.0000 11382.0000 
157.8000 11530.0000 11730.0000 11530.0000 11378.0000 11533.0000 11524.0000 11420.0000 11554.0000 
158.0000 11569.0000 11310.0000 11205.0000 11316.0000 11257.0000 11211.0000 11468.0000 11382.0000 
158.2000 11636.0000 11625.0000 11430.0000 11543.0000 11594.0000 11448.0000 11624.0000 11536.0000 
158.4000 11278.0000 11444.0000 11240.0000 11324.0000 11268.0000 11322.0000 11357.0000 11494.0000 
158.6000 11507.0000 11549.0000 11360.0000 11379.0000 11378.0000 11593.0000 11662.0000 11444.0000 
158.8000 11511.0000 11244.0000 11215.0000 11162.0000 11370.0000 11385.0000 11294.0000 11355.0000 
159.0000 11636.0000 11663.0000 11690.0000 11431.0000 11541.0000 11476.0000 11594.0000 11640.0000 
159.2000 11569.0000 11344.0000 11273.0000 11494.0000 11350.0000 11426.0000 11509.0000 11414.0000 
159.4000 11551.0000 11573.0000 11472.0000 11315.0000 11718.0000 11408.0000 11570.0000 11529.0000 
159.6000 11333.0000 11392.0000 11373.0000 11203.0000 11331.0000 11331.0000 11415.0000 11231.0000 
159.8000 11721.0000 11446.0000 11532.0000 11440.0000 11602.0000 11287.0000 11702.0000 11558.0000 
160.0000 11461.0000 11337.0000 11295.0000 11554.0000 11307.0000 11271.0000 11658.0000 11356.0000 
160.2000 11514.0000 11592.0000 11427.0000 11548.0000 11557.0000 11548.0000 11567.0000 11616.0000 
160.4000 11449.0000 11238.0000 11429.0000 11112.0000 11336.0000 11473.0000 11406.0000 11469.0000 
160.6000 11720.0000 11348.0000 11560.0000 11369.0000 11625.0000 11490.0000 11569.0000 11695.0000 
160.8000 11390.0000 11462.0000 11301.0000 11294.0000 11266.0000 11317.0000 11514.0000 11446.0000 
161.0000 11729.0000 11501.0000 11540.0000 11614.0000 11657.0000 11680.0000 11434.0000 11626.0000 
161.2000 11496.0000 11330.0000 11177.0000 11209.0000 11430.0000 11254.0000 11481.0000 11376.0000 
161.4000 11619.0000 11568.0000 11550.0000 11351.0000 11669.0000 11405.0000 11519.0000 11653.0000 
161.6000 11289.0000 11318.0000 11397.0000 11320.0000 11497.0000 11354.0000 11386.0000 11402.0000 
161.8000 11689.0000 11440.0000 11658.0000 11512.0000 11610.0000 11446.0000 11364.0000 11640.0000 
162.0000 11444.0000 11402.0000 11279.0000 11345.0000 11346.0000 11294.0000 11541.0000 11297.0000 
162.2000 11558.0000 11461.0000 11381.0000 11430.0000 11483.0000 11439.0000 11648.0000 11531.0000 
162.4000 11389.0000 11501.0000 11443.0000 11316.0000 11268.0000 11295.0000 11396.0000 11411.0000 
162.6000 11677.0000 11460.0000 11565.0000 11471.0000 11630.0000 11334.0000 11531.0000 11591.0000 
162.8000 11431.0000 11313.0000 11320.0000 11156.0000 11450.0000 11191.0000 11330.0000 11306.0000 
163.0000 11614.0000 11460.0000 11334.0000 11351.0000 11584.0000 11319.0000 11511.0000 11529.0000 
163.2000 11511.0000 11430.0000 11344.0000 11353.0000 11462.0000 11295.0000 11419.0000 11377.0000 
163.4000 11630.0000 11291.0000 11670.0000 11483.0000 11649.0000 11333.0000 11800.0000 11596.0000 
163.6000 11369.0000 11272.0000 11275.0000 11280.0000 11231.0000 11435.0000 11355.0000 11342.0000 
163.8000 11611.0000 11573.0000 11404.0000 11313.0000 11549.0000 11460.0000 11725.0000 11416.0000 
164.0000 11412.0000 11333.0000 11363.0000 11336.0000 11483.0000 11323.0000 11418.0000 11319.0000 
164.2000 11597.0000 11540.0000 11353.0000 11404.0000 11591.0000 11446.0000 11628.0000 11308.0000 
164.4000 11496.0000 11353.0000 11331.0000 11318.0000 11425.0000 11265.0000 11660.0000 11359.0000 
164.6000 11725.0000 11573.0000 11471.0000 11361.0000 11515.0000 11503.0000 11609.0000 11529.0000 
164.8000 11618.0000 11320.0000 11475.0000 11406.0000 11398.0000 11274.0000 11399.0000 11388.0000 
165.0000 11759.0000 11472.0000 11540.0000 11513.0000 11573.0000 11358.0000 11507.0000 11542.0000 
165.2000 11491.0000 11225.0000 11379.0000 11208.0000 11305.0000 11406.0000 11397.0000 11402.0000 
165.4000 11542.0000 11458.0000 11406.0000 11644.0000 11455.0000 11497.0000 11645.0000 11560.0000 
165.6000 11405.0000 11299.0000 11257.0000 11317.0000 11434.0000 11140.0000 11399.0000 11516.0000 
165.8000 11692.0000 11376.0000 11551.0000 11400.0000 11456.0000 11541.0000 11714.0000 11783.0000 
166.0000 11403.0000 11453.0000 11326.0000 11231.0000 11341.0000 11314.0000 11319.0000 11248.0000 
166.2000 11775.0000 11571.0000 11533.0000 11415.0000 11569.0000 11534.0000 11594.0000 11537.0000 
166.4000 11306.0000 11353.0000 11020.0000 11230.0000 11330.0000 11355.0000 11394.0000 11312.0000 
166.6000 11729.0000 11511.0000 11464.0000 11584.0000 11552.0000 11487.0000 11531.0000 11623.0000 
166.8000 11483.0000 11403.0000 11257.0000 11216.0000 11262.0000 11115.0000 11301.0000 11395.0000 
167.0000 11702.0000 11579.0000 11547.0000 11427.0000 11651.0000 11640.0000 11580.0000 11560.0000 
167.2000 11434.0000 11328.0000 11297.0000 11078.0000 11396.0000 11178.0000 11379.0000 11199.0000 
167.4000 11633.0000 11303.0000 11518.0000 11634.0000 11546.0000 11633.0000 11539.0000 11314.0000 
167.6000 11467.0000 11317.0000 11360.0000 11192.0000 11251.0000 11235.0000 11561.0000 11186.0000 
167.8000 11615.0000 11424.0000 11364.0000 11487.0000 11581.0000 11607.0000 11545.0000 11619.0000 
168.0000 11403.0000 11316.0000 11131.0000 11338.0000 11239.0000 11361.0000 11339.0000 11416.0000 
168.2000 11623.0000 11438.0000 11405.0000 11498.0000 11520.0000 11503.0000 11623.0000 11411.0000 
168.4000 11390.0000 11348.0000 11300.0000 11293.0000 11468.0000 11267.0000 11301.0000 11324.0000 
168.6000 11667.0000 11531.0000 11335.0000 11270.0000 11599.0000 11641.0000 11570.0000 11533.0000 
168.8000 11464.0000 11425.0000 11301.0000 11197.0000 11265.0000 11332.0000 11379.0000 11368.0000 
169.0000 11623.0000 11435.0000 11343.0000 11420.0000 11457.0000 11568.0000 11447.0000 11399.0000 
169.2000 11431.0000 11385.0000 11308.0000 11267.0000 11394.0000 11299.0000 11392.0000 11319.0000 
169.4000 11616.0000 11462.0000 11575.0000 11396.0000 11649.0000 11624.0000 11582.0000 11539.0000 
169.6000 11602.0000 11517.0000 11287.0000 11235.0000 11488.0000 11362.0000 11497.0000 11429.0000 
169.8000 11610.0000 11590.0000 11513.0000 11299.0000 11558.0000 11555.0000 11699.0000 11479.0000 
170.0000 11448.0000 11408.0000 11346.0000 11332.0000 11459.0000 11447.0000 11511.0000 11165.0000 
170.2000 11669.0000 11701.0000 11493.0000 11479.0000 11647.0000 11466.0000 11646.0000 11526.0000 
170.4000 11440.0000 11205.0000 11325.0000 11248.0000 11303.0000 11192.0000 11332.0000 11236.0000 
170.6000 11703.0000 11520.0000 11516.0000 11529.0000 11641.0000 11634.0000 11444.0000 11597.0000 
170.8000 11579.0000 11266.0000 11287.0000 11329.0000 11436.0000 11142.0000 11418.0000 11291.0000 
171.0000 11593.0000 11452.0000 11491.0000 11623.0000 11527.0000 11403.0000 11616.0000 11684.0000 
171.2000 11400.0000 11422.0000 11292.0000 11504.0000 11397.0000 11410.0000 11413.0000 11425.0000 
171.4000 11651.0000 11558.0000 11497.0000 11616.0000 11661.0000 11466.0000 11615.0000 11429.0000 
171.6000 11561.0000 11358.0000 11318.0000 11228.0000 11459.0000 11355.0000 11210.0000 11379.0000 
171.8000 11556.0000 11640.0000 11500.0000 11697.0000 11611.0000 11535.0000 11624.0000 11514.0000 
172.0000 11523.0000 11363.0000 11461.0000 11451.0000 11482.0000 11281.0000 11473.0000 11314.0000 
172.2000 11493.0000 11439.0000 11305.0000 11486.0000 11496.0000 11504.0000 11655.0000 11501.0000 
172.4000 11395.0000 11307.0000 11355.0000 11248.0000 11207.0000 11321.0000 11434.0000 11267.0000 
172.6000 11531.0000 11475.0000 11531.0000 11450.0000 11466.0000 11569.0000 11719.0000 11555.0000 
172.8000 11592.0000 11212.0000 11233.0000 11367.0000 11375.0000 11279.0000 11422.0000 11331.0000 
173.0000 11782.0000 11395.0000 11558.0000 11451.0000 11633.0000 11469.0000 11614.0000 11686.0000 
173.2000 11493.0000 11156.0000 11398.0000 11214.0000 11319.0000 11207.0000 11432.0000 11256.0000 
173.4000 11633.0000 11599.0000 11609.0000 11413.0000 11408.0000 11559.0000 11678.0000 11553.0000 
173.6000 11488.0000 11348.0000 11376.0000 11276.0000 11342.0000 11227.0000 11431.0000 11445.0000 
173.8000 11647.0000 11564.0000 11438.0000 11442.0000 11577.0000 11414.0000 11710.0000 11441.0000 
174.0000 11483.0000 11175.0000 11197.0000 11363.0000 11320.0000 11218.0000 11506.0000 11423.0000 
174.2000 11466.0000 11502.0000 11412.0000 11422.0000 11307.0000 11586.0000 11489.0000 11529.0000 
174.4000 11491.0000 11379.0000 11384.0000 11229.0000 11415.0000 11253.0000 11380.0000 11391.0000 
174.6000 11582.0000 11449.0000 11490.0000 11500.0000 11480.0000 11304.0000 11576.0000 11555.0000 
174.8000 11407.0000 11392.0000 11234.0000 11181.0000 11372.0000 11209.0000 11471.0000 11338.0000 
175.0000 11574.0000 11569.0000 11505.0000 11613.0000 11581.0000 11608.0000 11727.0000 11428.0000 
175.2000 11442.0000 11377.0000 11195.0000 11227.0000 11342.0000 11373.0000 11475.0000 11267.0000 
175.4000 11662.0000 11653.0000 11530.0000 11414.0000 11398.0000 11297.0000 11313.0000 11469.0000 
175.6000 11237.0000 11259.0000 11356.0000 11314.0000 11474.0000 11260.0000 11512.0000 11283.0000 
175.8000 11555.0000 11534.0000 11457.0000 11465.0000 11584.0000 11390.0000 11554.0000 11547.0000 
176.0000 11437.0000 11224.0000 11348.0000 11280.0000 11394.0000 11295.0000 11426.0000 11331.0000 
176.2000 11520.0000 11530.0000 11563.0000 11559.0000 11524.0000 11479.0000 11684.0000 11647.0000 
176.4000 11362.0000 11309.0000 11198.0000 11195.0000 11455.0000 11349.0000 11331.0000 11521.0000 
176.6000 11778.0000 11572.0000 11474.0000 11445.0000 11662.0000 11446.0000 11687.0000 11676.0000 
176.8000 11402.0000 11318.0000 11255.0000 11216.0000 11515.0000 11447.0000 11424.0000 11495.0000 
177.0000 11615.0000 11584.0000 11439.0000 11428.0000 11443.0000 11363.0000 11711.0000 11661.0000 
177.2000 11459.0000 11278.0000 11230.0000 11358.0000 11302.0000 11324.0000 11386.0000 11216.0000 
177.4000 11420.0000 11434.0000 11547.0000 11524.0000 11529.0000 11527.0000 11767.0000 11646.0000 
177.6000 11390.0000 11174.0000 11285.0000 11382.0000 11465.0000 11320.0000 11475.0000 11314.0000 
177.8000 11537.0000 11703.0000 11666.0000 11508.0000 11474.0000 11456.0000 11751.0000 11738.0000 
178.0000 11411.0000 11368.0000 11272.0000 11267.0000 11406.0000 11338.0000 11187.0000 11329.0000 
178.2000 11705.0000 11399.0000 11475.0000 11434.0000 11576.0000 11489.0000 11660.0000 11731.0000 
178.4000 11405.0000 11248.0000 11287.0000 11387.0000 11492.0000 11409.0000 11521.0000 11225.0000 
178.6000 11595.0000 11628.0000 11579.0000 11265.0000 11488.0000 11557.0000 11642.0000 11566.0000 
178.8000 11295.0000 11175.0000 11332.0000 11290.0000 11531.0000 11412.0000 11481.0000 11339.0000 
179.0000 11650.0000 11584.0000 11276.0000 11386.0000 11681.0000 11418.0000 11728.0000 11384.0000 
179.2000 11437.0000 11353.0000 11491.0000 11364.0000 11519.0000 11368.0000 11412.0000 11365.0000 
179.4000 11599.0000 11535.0000 11490.0000 11440.0000 11482.0000 11626.0000 11462.0000 11585.0000 
179.6000 11337.0000 11352.0000 11107.0000 11131.0000 11268.0000 11196.0000 11380.0000 11309.0000 
179.8000 11552.0000 11581.0000 11428.0000 11460.0000 11495.0000 11512.0000 11485.0000 11591.0000 
180.0000 11390.0000 11301.0000 11321.0000 11337.0000 11349.0000 11277.0000 11575.0000 11266.0000 
180.2000 11566.0000 11509.0000 11569.0000 11501.0000 11285.0000 11462.0000 11504.0000 11640.0000 
180.4000 11344.0000 11236.0000 11283.0000 11381.0000 11328.0000 11246.0000 11196.0000 11301.0000 
180.6000 11670.0000 11497.0000 11575.0000 11469.0000 11467.0000 11459.0000 11668.0000 11538.0000 
180.8000 11396.0000 11292.0000 11339.0000 11189.0000 11365.0000 11233.0000 11278.0000 11587.0000 
181.0000 11627.0000 11550.0000 11507.0000 11562.0000 11546.0000 11503.0000 11600.0000 11633.0000 
181.2000 11430.0000 11274.0000 11412.0000 11286.0000 11107.0000 11213.0000 11308.0000 11256.0000 
181.4000 11679.0000 11378.0000 11499.0000 11382.0000 11525.0000 11462.0000 11747.0000 11587.0000 
181.6000 11361.0000 11299.0000 11254.0000 11251.0000 11295.0000 11426.0000 11304.0000 11495.0000 
181.8000 11629.0000 11481.0000 11245.0000 11693.0000 11513.0000 11533.0000 11619.0000 11582.0000 
182.0000 11446.0000 11361.0000 11493.0000 11245.0000 11424.0000 11297.0000 11358.0000 11305.0000 
182.2000 11500.0000 11487.0000 11479.0000 11465.0000 11643.0000 11439.0000 11725.0000 11572.0000 
182.4000 11485.0000 11312.0000 11264.0000 11314.0000 11548.0000 11324.0000 11504.0000 11434.0000 
182.6000 11564.0000 11417.0000 11535.0000 11559.0000 11454.0000 11417.0000 11705.0000 11433.0000 
182.8000 11509.0000 11239.0000 11266.0000 11204.0000 11407.0000 11216.0000 11378.0000 11435.0000 
183.0000 11577.0000 11423.0000 11584.0000 11396.0000 11523.0000 11502.0000 11597.0000 11514.0000 
183.2000 11377.0000 11383.0000 11261.0000 11342.0000 11296.0000 11383.0000 11424.0000 11285.0000 
183.4000 11513.0000 11571.0000 11552.0000 11404.0000 11671.0000 11495.0000 11586.0000 11568.0000 
183.6000 11400.0000 11413.0000 11326.0000 11377.0000 11431.0000 11266.0000 11597.0000 11314.0000 
183.8000 11504.0000 11474.0000 11414.0000 11392.0000 11548.0000 11391.0000 11575.0000 11580.0000 
184.0000 11334.0000 11374.0000 11345.0000 11068.0000 11254.0000 11285.0000 11264.0000 11499.0000 
184.2000 11433.0000 11476.0000 11643.0000 11302.0000 11462.0000 11553.0000 11576.0000 11438.0000 
184.4000 11485.0000 11344.0000 11263.0000 11233.0000 11360.0000 11300.0000 11306.0000 11394.0000 
184.6000 11777.0000 11419.0000 11604.0000 11388.0000 11439.0000 11666.0000 11747.0000 11590.0000 
184.8000 11536.0000 11327.0000 11373.0000 11403.0000 11673.0000 11365.0000 11517.0000 11383.0000 
185.0000 11676.0000 11487.0000 11590.0000 11505.0000 11656.0000 11620.0000 11670.0000 11465.0000 
185.2000 11576.0000 11404.0000 11216.0000 11258.0000 11459.0000 11228.0000 11443.0000 11383.0000 
185.4000 11621.0000 11563.0000 11614.0000 11495.0000 11466.0000 11468.0000 11668.0000 11582.0000 
185.6000 11438.0000 11409.0000 11371.0000 11366.0000 11437.0000 11306.0000 11596.0000 11335.0000 
185.8000 11732.0000 11436.0000 11502.0000 11434.0000 11514.0000 11578.0000 11706.0000 11454.0000 
186.0000 11489.0000 11274.0000 11213.0000 11332.0000 11308.0000 11191.0000 11406.0000 11362.0000 
186.2000 11574.0000 11549.0000 11603.0000 11573.0000 11557.0000 11470.0000 11642.0000 11377.0000 
186.4000 11448.0000 11239.0000 11404.0000 11192.0000 11396.0000 11200.0000 11289.0000 11353.0000 
186.6000 11559.0000 11627.0000 11472.0000 11382.0000 11479.0000 11330.0000 11576.0000 11602.0000 
186.8000 11433.0000 11287.0000 11341.0000 11308.0000 11297.0000 11276.0000 11430.0000 11228.0000 
187.0000 11664.0000 11474.0000 11625.0000 11498.0000 11586.0000 11597.0000 11455.0000 11645.0000 
187.2000 11439.0000 11275.0000 11249.0000 11309.0000 11288.0000 11408.0000 11373.0000 11301.0000 
187.4000 11529.0000 11541.0000 11452.0000 11429.0000 11376.0000 11424.0000 11585.0000 11611.0000 
187.6000 11509.0000 11436.0000 11212.0000 11269.0000 11324.0000 11115.0000 11502.0000 11382.0000 
187.8000 11536.0000 11626.0000 11468.0000 11451.0000 11438.0000 11422.0000 11693.0000 11675.0000 
188.0000 11465.0000 11312.0000 11168.0000 11352.0000 11378.0000 11317.0000 11421.0000 11302.0000 
188.2000 11604.0000 11373.0000 11489.0000 11341.0000 11424.0000 11292.0000 11529.0000 11554.0000 
188.4000 11552.0000 11432.0000 11281.0000 11147.0000 11429.0000 11261.0000 11227.0000 11375.0000 
188.6000 11648.0000 11520.0000 11510.0000 11671.0000 11572.0000 11336.0000 11615.0000 11548.0000 
188.8000 11345.0000 11271.0000 11305.0000 11444.0000 11352.0000 11252.0000 11554.0000 11281.0000 
189.0000 11616.0000 11530.0000 11454.0000 11638.0000 11554.0000 11408.0000 11506.0000 11528.0000 
189.2000 11373.0000 11306.0000 11295.0000 11216.0000 11372.0000 11131.0000 11351.0000 11256.0000 
189.4000 11496.0000 11554.0000 11562.0000 11496.0000 11618.0000 11523.0000 11685.0000 11475.0000 
189.6000 11285.0000 11388.0000 11363.0000 11268.0000 11427.0000 11402.0000 11357.0000 11393.0000 
189.8000 11588.0000 11417.0000 11524.0000 11420.0000 11786.0000 11361.0000 11552.0000 11431.0000 
190.0000 11544.0000 11302.0000 11401.0000 11274.0000 11189.0000 11226.0000 11332.0000 11247.0000 
190.2000 11503.0000 11425.0000 11434.0000 11457.0000 11523.0000 11448.0000 11673.0000 11741.0000 
190.4000 11376.0000 11318.0000 11361.0000 11102.0000 11137.0000 11204.0000 11337.0000 11383.0000 
190.6000 11523.0000 11544.0000 11539.0000 11319.0000 11514.0000 11505.0000 11635.0000 11486.0000 
190.8000 11512.0000 11363.0000 11282.0000 11316.0000 11455.0000 11390.0000 11392.0000 11263.0000 
191.0000 11555.0000 11521.0000 11603.0000 11596.0000 11607.0000 11424.0000 11730.0000 11580.0000 
191.2000 11517.0000 11521.0000 11203.0000 11291.0000 11490.0000 11415.0000 11423.0000 11402.0000 
191.4000 11688.0000 11423.0000 11491.0000 11544.0000 11565.0000 11302.0000 11509.0000 11586.0000 
191.6000 11426.0000 11442.0000 11387.0000 11187.0000 11361.0000 11194.0000 11547.0000 11299.0000 
191.8000 11792.0000 11558.0000 11447.0000 11311.0000 11736.0000 11531.0000 11531.0000 11713.0000 
192.0000 11492.0000 11248.0000 11324.0000 11254.0000 11362.0000 11217.0000 11281.0000 11245.0000 
192.2000 11570.0000 11427.0000 11504.0000 11396.0000 11603.0000 11362.0000 11572.0000 11604.0000 
192.4000 11409.0000 11331.0000 11176.0000 11407.0000 11366.0000 11328.0000 11486.0000 11361.0000 
192.6000 11488.0000 11381.0000 11520.0000 11527.0000 11408.0000 11398.0000 11581.0000 11467.0000 
192.8000 11487.0000 11458.0000 11243.0000 11396.0000 11380.0000 11438.0000 11366.0000 11333.0000 
193.0000 11516.0000 11392.0000 11441.0000 11443.0000 11562.0000 11514.0000 11570.0000 11530.0000 
193.2000 11451.0000 11283.0000 11198.0000 11253.0000 11311.0000 11340.0000 11436.0000 11564.0000 
193.4000 11544.0000 11655.0000 11451.0000 11394.0000 11643.0000 11536.0000 11637.0000 11404.0000 
193.6000 11582.0000 11269.0000 11112.0000 11375.0000 11358.0000 11271.0000 11385.0000 11412.0000 
193.8000 11720.0000 11384.0000 11378.0000 11350.0000 11466.0000 11534.0000 11744.0000 11514.0000 
194.0000 11489.0000 11243.0000 11318.0000 11185.0000 11239.0000 11307.0000 11388.0000 11243.0000 
194.2000 11557.0000 11646.0000 11617.0000 11462.0000 11644.0000 11628.0000 11578.0000 11602.0000 
194.4000 11378.0000 11219.0000 11335.0000 11195.0000 11528.0000 11372.0000 11200.0000 11428.0000 
194.6000 11486.0000 11391.0000 11487.0000 11447.0000 11545.0000 11579.0000 11594.0000 11675.0000 
194.8000 11436.0000 11454.0000 11206.0000 11140.0000 11336.0000 11251.0000 11351.0000 11379.0000 
195.0000 11658.0000 11602.0000 11512.0000 11407.0000 11659.0000 11575.0000 11607.0000 11523.0000 
195.2000 11462.0000 11232.0000 11441.0000 11355.0000 11478.0000 11430.0000 11328.0000 11293.0000 
195.4000 11573.0000 11491.0000 11527.0000 11552.0000 11590.0000 11699.0000 11699.0000 11513.0000 
195.6000 11534.0000 11172.0000 11216.0000 11310.0000 11340.0000 11273.0000 11440.0000 11288.0000 
195.8000 11531.0000 11553.0000 11493.0000 11461.0000 11574.0000 11397.0000 11610.0000 11447.0000 
196.0000 11575.0000 11286.0000 11338.0000 11218.0000 11417.0000 11361.0000 11433.0000 11394.0000 
196.2000 11738.0000 11544.0000 11517.0000 11406.0000 11544.0000 11476.0000 11673.0000 11486.0000 
196.4000 11419.0000 11371.0000 11210.0000 11156.0000 11213.0000 11323.0000 11351.0000 11295.0000 
196.6000 11610.0000 11405.0000 11448.0000 11369.0000 11568.0000 11503.0000 11682.0000 11579.0000 
196.8000 11452.0000 11378.0000 11175.0000 11245.0000 11374.0000 11353.0000 11378.0000 11386.0000 
197.0000 11577.0000 11568.0000 11558.0000 11354.0000 11459.0000 11461.0000 11503.0000 11556.0000 
197.2000 11434.0000 11370.0000 11234.0000 11255.0000 11392.0000 11252.0000 11656.0000 11380.0000 
197.4000 11711.0000 11748.0000 11460.0000 11630.0000 11688.0000 11484.0000 11673.0000 11527.0000 
197.6000 11468.0000 11350.0000 11360.0000 11377.0000 11212.0000 11405.0000 11446.0000 11424.0000 
197.8000 11552.0000 11449.0000 11506.0000 11488.0000 11508.0000 11436.0000 11373.0000 11729.0000 
198.0000 11628.0000 11325.0000 11184.0000 11159.0000 11338.0000 11304.0000 11366.0000 11422.0000 
198.2000 11630.0000 11475.0000 11554.0000 11496.0000 11669.0000 11610.0000 11701.0000 11451.0000 
198.4000 11550.0000 11300.0000 11250.0000 11299.0000 11200.0000 11412.0000 11258.0000 11338.0000 
198.6000 11637.0000 11501.0000 11524.0000 11457.0000 11610.0000 11539.0000 11744.0000 11722.0000 
198.8000 11399.0000 11444.0000 11118.0000 11178.0000 11235.0000 11381.0000 11463.0000 11268.0000 
199.0000 11701.0000 11443.0000 11583.0000 11600.0000 11520.0000 11439.0000 11693.0000 11636.0000 
199.2000 11238.0000 11369.0000 11283.0000 11366.0000 11276.0000 11311.0000 11328.0000 11457.0000 
199.4000 11694.0000 11532.0000 11383.0000 11367.0000 11633.0000 11470.0000 11647.0000 11661.0000 
199.6000 11564.0000 11197.0000 11321.0000 11321.0000 11369.0000 11376.0000 11362.0000 11441.0000 
199.8000 11546.0000 11584.0000 11626.0000 11649.0000 11498.0000 11474.0000 11512.0000 11487.0000 
200.0000 11419.0000 11302.0000 11378.0000 11227.0000 11479.0000 11308.0000 11380.0000 11375.0000 
200.2000 11593.0000 11581.0000 11515.0000 11382.0000 11472.0000 11435.0000 11520.0000 11557.0000 
200.4000 11561.0000 11213.0000 11456.0000 11273.0000 11275.0000 11376.0000 11367.0000 11228.0000 
200.6000 11633.0000 11494.0000 11441.0000 11494.0000 11468.0000 11360.0000 11612.0000 11542.0000 
200.8000 11631.0000 11348.0000 11481.0000 11262.0000 11428.0000 11354.0000 11358.0000 11291.0000 
201.0000 11464.0000 11608.0000 11460.0000 11439.0000 11517.0000 11455.0000 11731.0000 11539.0000 
201.2000 11582.0000 11273.0000 11421.0000 11352.0000 11286.0000 11297.0000 11440.0000 11345.0000 
201.4000 11570.0000 11586.0000 11481.0000 11488.0000 11507.0000 11518.0000 11699.0000 11417.0000 
201.6000 11527.0000 11342.0000 11207.0000 11237.0000 11350.0000 11339.0000 11322.0000 11366.0000 
201.8000 11710.0000 11319.0000 11387.0000 11575.0000 11486.0000 11473.0000 11690.0000 11437.0000 
202.0000 11598.0000 11445.0000 11370.0000 11288.0000 11358.0000 11245.0000 11395.0000 11319.0000 
202.2000 11676.0000 11563.0000 11434.0000 11414.0000 11543.0000 11437.0000 11570.0000 11528.0000 
202.4000 11439.0000 11244.0000 11415.0000 11179.0000 11294.0000 11186.0000 11514.0000 11329.0000 
202.6000 11613.0000 11577.0000 11430.0000 11512.0000 11620.0000 11329.0000 11695.0000 11503.0000 
202.8000 11540.0000 11306.0000 11319.0000 11167.0000 11369.0000 11224.0000 11346.0000 11316.0000 
203.0000 11607.0000 11415.0000 11481.0000 11446.0000 11667.0000 11521.0000 11671.0000 11620.0000 
203.2000 11582.0000 11467.0000 11313.0000 11226.0000 11492.0000 11393.0000 11486.0000 11317.0000 
203.4000 11711.0000 11596.0000 11430.0000 11464.0000 11512.0000 11686.0000 11587.0000 11548.0000 
203.6000 11531.0000 11541.0000 11402.0000 11508.0000 11563.0000 11266.0000 11502.0000 11361.0000 
203.8000 11839.0000 11641.0000 11721.0000 11675.0000 11639.0000 11700.0000 11804.0000 11705.0000 
204.0000 11718.0000 11354.0000 11467.0000 11394.0000 11408.0000 11475.0000 11611.0000 11620.0000 
204.2000 11651.0000 11812.0000 11571.0000 11541.0000 11642.0000 11681.0000 11734.0000 11676.0000 
204.4000 11489.0000 11485.0000 11449.0000 11295.0000 11472.0000 11495.0000 11627.0000 11437.0000 
204.6000 11820.0000 11717.0000 11705.0000 11755.0000 11729.0000 11606.0000 11723.0000 11793.0000 


