0.0000 13453.0000 13396.0000 13156.0000 13236.0000 13318.0000 13360.0000 13475.0000 13387.0000 0 us
0.2000 13224.0000 13127.0000 13003.0000 13020.0000 13219.0000 13115.0000 13100.0000 13190.0000 
0.4000 13170.0000 13021.0000 13084.0000 13058.0000 13140.0000 13073.0000 13101.0000 13135.0000 
0.6000 13294.0000 13060.0000 13197.0000 12993.0000 13190.0000 13088.0000 13234.0000 12999.0000 
0.8000 13172.0000 13054.0000 13151.0000 13050.0000 13006.0000 12969.0000 13140.0000 13138.0000 
1.0000 13207.0000 13013.0000 13048.0000 13144.0000 13292.0000 13147.0000 13164.0000 13237.0000 
1.2000 13321.0000 13071.0000 13121.0000 13125.0000 13146.0000 13211.0000 13111.0000 13251.0000 
1.4000 13151.0000 13056.0000 13016.0000 13164.0000 13099.0000 12910.0000 12984.0000 13137.0000 
1.6000 13125.0000 13091.0000 12992.0000 13050.0000 13101.0000 13058.0000 13167.0000 13166.0000 
1.8000 13120.0000 13243.0000 13165.0000 13159.0000 12984.0000 13005.0000 13102.0000 13052.0000 
2.0000 13331.0000 12942.0000 13190.0000 13181.0000 13345.0000 13013.0000 13090.0000 13246.0000 
2.2000 13158.0000 13135.0000 13048.0000 12853.0000 13232.0000 13048.0000 13178.0000 13320.0000 
2.4000 13339.0000 13171.0000 12950.0000 12988.0000 13334.0000 12977.0000 13249.0000 13261.0000 
2.6000 13243.0000 13119.0000 12977.0000 13009.0000 13250.0000 13061.0000 13157.0000 13196.0000 
2.8000 13237.0000 13085.0000 13106.0000 13070.0000 13113.0000 13200.0000 13340.0000 13188.0000 
3.0000 13125.0000 12992.0000 13147.0000 12958.0000 13036.0000 13086.0000 13015.0000 13131.0000 
3.2000 13172.0000 13172.0000 13199.0000 13086.0000 12922.0000 13088.0000 13254.0000 13107.0000 
3.4000 13296.0000 13178.0000 13271.0000 13093.0000 13080.0000 13147.0000 13140.0000 12937.0000 
3.6000 13351.0000 13006.0000 13051.0000 12995.0000 13061.0000 13035.0000 13135.0000 13014.0000 
3.8000 13134.0000 13005.0000 13083.0000 13024.0000 13062.0000 13030.0000 13136.0000 13296.0000 
4.0000 13171.0000 13137.0000 13099.0000 13086.0000 13116.0000 13100.0000 13000.0000 13169.0000 
4.2000 13160.0000 13013.0000 12982.0000 12968.0000 13165.0000 13203.0000 13208.0000 13106.0000 
4.4000 13396.0000 13143.0000 13080.0000 13074.0000 13044.0000 12978.0000 13153.0000 13329.0000 
4.6000 13334.0000 13084.0000 13141.0000 12910.0000 13105.0000 13103.0000 13081.0000 13182.0000 
4.8000 13055.0000 13212.0000 13089.0000 12873.0000 13256.0000 12865.0000 13128.0000 13258.0000 
5.0000 13317.0000 13242.0000 13150.0000 13041.0000 13054.0000 13040.0000 13112.0000 13206.0000 
5.2000 13196.0000 13317.0000 13056.0000 13095.0000 13116.0000 13122.0000 13238.0000 13121.0000 
5.4000 13328.0000 13051.0000 13121.0000 13058.0000 13150.0000 13014.0000 13061.0000 13063.0000 
5.6000 13406.0000 13076.0000 13029.0000 12906.0000 13050.0000 13050.0000 13069.0000 13001.0000 
5.8000 13230.0000 13255.0000 13118.0000 12901.0000 13161.0000 13117.0000 13266.0000 13223.0000 
6.0000 13377.0000 13193.0000 13126.0000 13096.0000 13104.0000 13224.0000 13066.0000 13210.0000 
6.2000 13218.0000 13232.0000 13055.0000 13037.0000 13039.0000 12996.0000 13069.0000 13022.0000 
6.4000 13315.0000 13162.0000 13102.0000 12921.0000 13216.0000 13012.0000 13289.0000 13231.0000 
6.6000 13252.0000 13029.0000 13011.0000 13051.0000 13174.0000 13135.0000 13184.0000 13153.0000 
6.8000 13193.0000 13056.0000 13031.0000 12938.0000 13149.0000 13138.0000 13287.0000 13109.0000 
7.0000 13121.0000 13055.0000 12945.0000 13015.0000 13139.0000 13153.0000 13162.0000 13261.0000 
7.2000 13400.0000 13127.0000 13027.0000 13004.0000 13195.0000 13087.0000 13277.0000 13166.0000 
7.4000 13188.0000 13130.0000 13010.0000 13129.0000 13049.0000 12968.0000 13203.0000 13121.0000 
7.6000 13229.0000 13073.0000 13116.0000 13087.0000 12915.0000 12967.0000 13168.0000 13196.0000 
7.8000 13195.0000 13113.0000 13046.0000 12951.0000 13049.0000 13181.0000 13094.0000 13188.0000 
8.0000 13270.0000 12957.0000 13138.0000 12883.0000 13185.0000 13169.0000 13111.0000 12883.0000 
8.2000 13220.0000 13095.0000 13184.0000 13064.0000 13138.0000 12988.0000 13048.0000 13105.0000 
8.4000 13065.0000 13075.0000 13053.0000 13093.0000 13297.0000 13183.0000 13124.0000 13025.0000 
8.6000 13220.0000 13101.0000 13033.0000 13063.0000 13290.0000 13118.0000 13104.0000 13165.0000 
8.8000 13133.0000 13212.0000 13145.0000 13049.0000 13104.0000 12905.0000 13201.0000 13084.0000 
9.0000 13295.0000 13215.0000 13077.0000 13030.0000 13003.0000 13180.0000 13170.0000 13073.0000 
9.2000 13180.0000 12983.0000 13093.0000 13209.0000 13098.0000 13104.0000 13118.0000 13181.0000 
9.4000 13211.0000 13044.0000 13031.0000 13128.0000 13121.0000 13019.0000 13221.0000 13156.0000 
9.6000 13375.0000 13054.0000 13085.0000 13001.0000 13081.0000 13036.0000 13141.0000 13109.0000 
9.8000 13202.0000 13259.0000 12915.0000 13101.0000 13149.0000 13057.0000 13238.0000 13207.0000 
10.0000 13181.0000 13202.0000 13149.0000 12977.0000 13303.0000 13109.0000 13187.0000 13195.0000 
10.2000 13315.0000 13213.0000 12920.0000 13002.0000 13056.0000 13119.0000 13290.0000 13194.0000 
10.4000 13276.0000 13009.0000 13038.0000 13019.0000 13284.0000 13059.0000 13257.0000 13027.0000 
10.6000 13308.0000 13064.0000 12929.0000 13054.0000 13162.0000 13030.0000 13129.0000 13043.0000 
10.8000 13195.0000 13104.0000 13020.0000 12932.0000 13092.0000 13100.0000 13168.0000 13207.0000 
11.0000 13199.0000 13069.0000 13155.0000 12985.0000 13257.0000 13074.0000 13200.0000 13191.0000 
11.2000 13075.0000 13080.0000 13029.0000 12953.0000 13105.0000 13024.0000 13160.0000 13196.0000 
11.4000 13178.0000 13074.0000 13120.0000 13044.0000 13147.0000 13129.0000 13256.0000 13140.0000 
11.6000 13250.0000 13181.0000 13039.0000 13025.0000 13306.0000 13129.0000 13165.0000 13209.0000 
11.8000 13283.0000 13039.0000 13016.0000 12985.0000 13243.0000 12971.0000 13135.0000 13255.0000 
12.0000 13256.0000 13028.0000 13151.0000 13011.0000 13090.0000 12976.0000 13184.0000 13147.0000 
12.2000 13272.0000 13067.0000 13095.0000 12932.0000 13114.0000 13195.0000 13116.0000 13126.0000 
12.4000 13192.0000 13059.0000 13107.0000 12912.0000 13214.0000 12987.0000 13128.0000 13180.0000 
12.6000 13204.0000 13153.0000 13138.0000 13041.0000 13132.0000 12961.0000 13202.0000 13043.0000 
12.8000 13284.0000 13205.0000 13009.0000 13112.0000 13100.0000 12957.0000 13102.0000 13279.0000 
13.0000 13267.0000 13001.0000 13133.0000 13074.0000 13051.0000 13192.0000 13310.0000 13262.0000 
13.2000 13346.0000 13070.0000 13253.0000 13123.0000 13141.0000 13071.0000 13182.0000 13019.0000 
13.4000 13252.0000 13011.0000 13073.0000 13056.0000 13204.0000 13067.0000 13204.0000 13076.0000 
13.6000 13261.0000 13120.0000 13008.0000 13143.0000 13326.0000 13118.0000 13232.0000 12937.0000 
13.8000 13235.0000 13105.0000 13056.0000 12956.0000 12968.0000 13046.0000 13089.0000 13118.0000 
14.0000 13322.0000 13146.0000 13061.0000 13023.0000 13038.0000 13103.0000 13315.0000 13129.0000 
14.2000 13225.0000 13064.0000 13067.0000 13067.0000 13242.0000 13196.0000 13179.0000 13106.0000 
14.4000 13046.0000 13052.0000 13085.0000 12988.0000 13075.0000 13070.0000 13134.0000 13005.0000 
14.6000 13329.0000 13158.0000 13177.0000 12853.0000 13058.0000 13141.0000 13213.0000 13017.0000 
14.8000 13130.0000 13159.0000 13077.0000 12938.0000 13075.0000 13049.0000 13032.0000 12983.0000 
15.0000 13145.0000 13071.0000 13035.0000 13020.0000 13214.0000 12917.0000 13038.0000 13172.0000 
15.2000 13218.0000 13059.0000 13086.0000 12993.0000 13161.0000 13061.0000 13067.0000 13089.0000 
15.4000 13337.0000 12981.0000 13246.0000 13020.0000 13050.0000 13153.0000 13141.0000 13108.0000 
15.6000 13221.0000 13163.0000 13038.0000 13126.0000 13101.0000 13015.0000 13191.0000 12977.0000 
15.8000 13214.0000 13134.0000 13118.0000 13102.0000 13290.0000 13030.0000 13148.0000 12931.0000 
16.0000 13248.0000 13145.0000 13168.0000 13103.0000 13137.0000 13031.0000 13191.0000 12883.0000 
16.2000 13279.0000 13142.0000 13101.0000 12978.0000 13172.0000 13076.0000 13252.0000 13012.0000 
16.4000 13290.0000 13121.0000 13100.0000 12983.0000 13048.0000 13049.0000 13159.0000 12987.0000 
16.6000 13289.0000 13111.0000 12902.0000 13180.0000 12919.0000 13066.0000 13172.0000 12968.0000 
16.8000 13353.0000 13125.0000 13140.0000 12999.0000 13113.0000 13036.0000 13083.0000 13017.0000 
17.0000 13291.0000 13114.0000 13010.0000 13216.0000 13033.0000 13296.0000 13167.0000 13069.0000 
17.2000 13222.0000 13106.0000 12952.0000 12935.0000 13059.0000 13022.0000 13221.0000 13133.0000 
17.4000 13064.0000 13025.0000 13095.0000 12964.0000 12959.0000 13023.0000 13036.0000 13101.0000 
17.6000 13343.0000 13215.0000 13156.0000 13067.0000 12998.0000 13029.0000 13071.0000 13071.0000 
17.8000 13086.0000 12997.0000 13040.0000 12909.0000 13161.0000 13030.0000 13214.0000 13271.0000 
18.0000 13349.0000 13114.0000 13123.0000 13015.0000 13205.0000 13053.0000 13244.0000 13303.0000 
18.2000 13207.0000 13114.0000 13020.0000 12987.0000 13062.0000 13079.0000 13034.0000 13063.0000 
18.4000 13113.0000 13241.0000 13077.0000 13007.0000 13125.0000 13116.0000 13184.0000 13097.0000 
18.6000 13170.0000 13228.0000 12960.0000 12992.0000 13124.0000 13086.0000 13237.0000 13136.0000 
18.8000 13255.0000 13104.0000 12975.0000 13001.0000 13087.0000 12974.0000 13235.0000 13201.0000 
19.0000 13222.0000 13189.0000 12999.0000 13055.0000 13101.0000 13133.0000 13148.0000 13181.0000 
19.2000 13312.0000 13234.0000 13253.0000 13060.0000 13193.0000 13228.0000 13240.0000 13119.0000 
19.4000 13334.0000 13194.0000 12944.0000 12895.0000 13142.0000 13237.0000 13198.0000 13165.0000 
19.6000 13260.0000 13236.0000 13048.0000 13073.0000 13055.0000 13113.0000 13145.0000 13109.0000 
19.8000 13187.0000 13074.0000 13114.0000 13057.0000 13028.0000 13028.0000 13211.0000 13067.0000 
20.0000 13275.0000 13234.0000 12950.0000 12931.0000 13026.0000 12853.0000 13220.0000 13101.0000 
20.2000 13385.0000 13149.0000 13123.0000 13046.0000 13184.0000 12982.0000 13201.0000 13130.0000 
20.4000 13200.0000 13139.0000 13009.0000 13025.0000 13143.0000 13007.0000 13099.0000 12944.0000 
20.6000 13212.0000 13167.0000 13068.0000 12930.0000 13052.0000 13036.0000 13206.0000 13035.0000 
20.8000 13218.0000 13113.0000 13081.0000 13022.0000 12978.0000 12944.0000 13140.0000 13136.0000 
21.0000 13427.0000 13207.0000 13137.0000 12942.0000 13069.0000 12978.0000 13222.0000 13139.0000 
21.2000 13379.0000 13175.0000 12990.0000 13022.0000 13152.0000 13109.0000 13112.0000 12874.0000 
21.4000 13222.0000 13003.0000 12955.0000 12988.0000 13135.0000 13056.0000 13078.0000 13094.0000 
21.6000 13166.0000 13217.0000 12977.0000 13076.0000 13180.0000 12995.0000 13049.0000 13162.0000 
21.8000 13245.0000 13173.0000 12999.0000 12965.0000 13074.0000 12981.0000 13146.0000 13069.0000 
22.0000 13218.0000 13074.0000 13027.0000 13039.0000 13237.0000 13118.0000 13171.0000 13115.0000 
22.2000 13220.0000 12957.0000 13109.0000 13242.0000 13273.0000 13205.0000 12990.0000 13094.0000 
22.4000 13068.0000 13011.0000 13017.0000 13078.0000 13127.0000 13130.0000 13159.0000 13105.0000 
22.6000 13196.0000 13066.0000 13178.0000 13065.0000 13061.0000 13086.0000 13114.0000 13067.0000 
22.8000 13261.0000 13135.0000 13056.0000 12966.0000 13034.0000 13148.0000 13158.0000 13257.0000 
23.0000 13470.0000 13111.0000 13106.0000 12922.0000 13102.0000 13152.0000 13222.0000 13165.0000 
23.2000 13359.0000 12923.0000 13177.0000 13092.0000 12996.0000 13015.0000 13101.0000 13138.0000 
23.4000 13440.0000 12973.0000 13103.0000 12964.0000 13232.0000 13058.0000 13170.0000 13035.0000 
23.6000 13178.0000 12996.0000 13147.0000 13116.0000 13175.0000 13015.0000 13238.0000 13125.0000 
23.8000 13127.0000 13174.0000 13188.0000 13162.0000 13019.0000 13007.0000 13160.0000 13179.0000 
24.0000 13269.0000 13115.0000 13007.0000 13065.0000 13068.0000 12838.0000 13168.0000 13091.0000 
24.2000 13231.0000 13083.0000 13132.0000 12999.0000 13013.0000 13030.0000 13134.0000 13046.0000 
24.4000 13417.0000 13161.0000 13145.0000 12990.0000 13081.0000 12982.0000 13109.0000 13034.0000 
24.6000 13184.0000 13083.0000 13072.0000 12849.0000 13028.0000 12969.0000 13166.0000 13107.0000 
24.8000 13148.0000 13011.0000 13073.0000 12913.0000 13276.0000 13121.0000 13046.0000 13212.0000 
25.0000 13319.0000 13249.0000 13087.0000 13072.0000 13184.0000 13097.0000 13151.0000 13193.0000 
25.2000 13264.0000 13049.0000 12942.0000 12987.0000 12920.0000 13044.0000 13095.0000 13090.0000 
25.4000 13132.0000 13175.0000 12937.0000 13112.0000 13159.0000 12965.0000 13281.0000 13089.0000 
25.6000 13205.0000 13248.0000 13190.0000 13073.0000 13248.0000 13099.0000 13129.0000 13226.0000 
25.8000 13302.0000 13128.0000 13073.0000 13089.0000 13149.0000 12985.0000 13214.0000 12973.0000 
26.0000 13202.0000 13004.0000 13261.0000 13001.0000 13158.0000 13129.0000 13059.0000 12938.0000 
26.2000 13207.0000 13133.0000 13140.0000 12940.0000 13125.0000 12967.0000 13304.0000 13250.0000 
26.4000 13262.0000 13083.0000 13009.0000 13139.0000 13078.0000 13134.0000 13289.0000 13180.0000 
26.6000 13246.0000 13209.0000 13017.0000 13028.0000 13138.0000 13130.0000 13181.0000 13103.0000 
26.8000 13264.0000 13227.0000 12967.0000 12972.0000 13159.0000 12990.0000 13049.0000 13201.0000 
27.0000 13328.0000 13055.0000 13108.0000 13121.0000 13045.0000 12912.0000 13174.0000 13204.0000 
27.2000 13191.0000 13116.0000 12976.0000 13068.0000 12959.0000 13059.0000 13195.0000 13135.0000 
27.4000 13187.0000 13266.0000 13095.0000 12965.0000 13042.0000 13040.0000 13155.0000 13132.0000 
27.6000 13311.0000 13061.0000 12998.0000 12970.0000 13240.0000 13196.0000 13104.0000 13063.0000 
27.8000 13132.0000 13020.0000 13041.0000 12965.0000 13124.0000 12982.0000 13113.0000 13035.0000 
28.0000 13115.0000 13207.0000 13165.0000 13048.0000 13154.0000 13090.0000 13330.0000 13075.0000 
28.2000 13312.0000 13161.0000 13103.0000 12997.0000 13137.0000 13027.0000 13159.0000 13322.0000 
28.4000 13461.0000 13056.0000 12991.0000 13053.0000 13172.0000 13063.0000 13354.0000 13102.0000 
28.6000 13366.0000 12902.0000 13149.0000 13026.0000 13122.0000 13061.0000 13268.0000 13096.0000 
28.8000 13503.0000 13064.0000 13190.0000 13110.0000 13139.0000 12976.0000 13168.0000 12937.0000 
29.0000 13306.0000 13106.0000 13096.0000 13090.0000 12985.0000 12973.0000 13196.0000 13045.0000 
29.2000 13254.0000 13173.0000 13242.0000 13161.0000 13203.0000 13114.0000 13176.0000 13112.0000 
29.4000 13328.0000 13218.0000 13176.0000 12970.0000 13173.0000 13056.0000 12985.0000 13214.0000 
29.6000 13254.0000 13035.0000 13126.0000 12945.0000 13017.0000 13066.0000 13116.0000 13045.0000 
29.8000 13326.0000 13181.0000 13257.0000 12939.0000 13064.0000 13097.0000 12959.0000 13085.0000 
30.0000 13194.0000 13195.0000 13102.0000 13062.0000 12992.0000 13152.0000 13175.0000 13104.0000 
30.2000 13306.0000 12991.0000 12924.0000 13223.0000 13125.0000 13079.0000 13186.0000 13160.0000 
30.4000 13322.0000 13142.0000 13219.0000 12925.0000 13015.0000 12967.0000 13013.0000 12875.0000 
30.6000 13252.0000 13073.0000 13080.0000 12988.0000 13061.0000 13091.0000 13151.0000 13069.0000 
30.8000 13276.0000 13161.0000 13094.0000 13028.0000 13144.0000 12926.0000 13024.0000 13100.0000 
31.0000 13110.0000 13051.0000 13035.0000 12903.0000 13035.0000 13150.0000 13267.0000 13152.0000 
31.2000 13257.0000 13145.0000 13111.0000 12981.0000 12972.0000 13129.0000 13080.0000 12998.0000 
31.4000 13229.0000 13228.0000 13103.0000 12948.0000 13011.0000 13107.0000 13217.0000 13155.0000 
31.6000 13322.0000 13098.0000 13033.0000 13050.0000 13112.0000 13288.0000 13083.0000 13103.0000 
31.8000 13422.0000 13099.0000 12934.0000 12802.0000 13155.0000 13117.0000 13155.0000 13218.0000 
32.0000 13271.0000 13172.0000 13259.0000 13011.0000 13232.0000 13233.0000 13185.0000 13056.0000 
32.2000 13170.0000 13194.0000 13103.0000 12958.0000 13152.0000 13202.0000 13079.0000 13007.0000 
32.4000 13283.0000 13149.0000 13058.0000 13016.0000 13260.0000 13084.0000 13281.0000 13089.0000 
32.6000 13233.0000 13023.0000 13167.0000 13058.0000 13251.0000 12996.0000 13156.0000 13081.0000 
32.8000 13180.0000 13216.0000 13141.0000 12861.0000 13074.0000 13111.0000 13197.0000 13006.0000 
33.0000 13196.0000 13151.0000 13152.0000 13059.0000 13187.0000 13102.0000 12998.0000 13324.0000 
33.2000 13375.0000 13207.0000 13188.0000 13066.0000 13219.0000 13119.0000 13180.0000 13190.0000 
33.4000 13243.0000 13141.0000 13171.0000 12947.0000 13144.0000 13101.0000 13178.0000 13079.0000 
33.6000 13217.0000 13245.0000 13232.0000 13035.0000 13121.0000 13086.0000 13004.0000 13271.0000 
33.8000 13268.0000 13091.0000 12988.0000 13114.0000 13085.0000 13149.0000 13021.0000 13032.0000 
34.0000 13229.0000 13235.0000 13195.0000 13019.0000 13001.0000 13050.0000 13111.0000 12982.0000 
34.2000 13176.0000 13041.0000 13062.0000 13030.0000 13221.0000 12952.0000 13195.0000 13016.0000 
34.4000 13315.0000 13148.0000 12923.0000 13156.0000 13181.0000 13073.0000 13032.0000 12934.0000 
34.6000 13215.0000 13105.0000 13102.0000 13034.0000 12967.0000 13177.0000 13073.0000 12974.0000 
34.8000 13236.0000 13116.0000 13049.0000 13039.0000 13200.0000 13118.0000 13027.0000 13133.0000 
35.0000 13107.0000 13092.0000 12972.0000 13083.0000 13173.0000 13018.0000 13116.0000 13230.0000 
35.2000 13066.0000 13136.0000 13047.0000 13175.0000 13143.0000 13116.0000 13074.0000 12906.0000 
35.4000 13185.0000 13127.0000 13095.0000 13046.0000 13244.0000 13002.0000 13156.0000 13108.0000 
35.6000 13176.0000 13194.0000 12918.0000 13054.0000 13250.0000 12936.0000 12963.0000 13006.0000 
35.8000 13157.0000 13066.0000 13052.0000 13050.0000 13080.0000 13030.0000 13201.0000 13081.0000 
36.0000 13182.0000 13126.0000 13012.0000 13019.0000 13004.0000 13059.0000 13067.0000 13082.0000 
36.2000 13184.0000 13117.0000 13064.0000 13049.0000 13258.0000 12876.0000 13048.0000 13141.0000 
36.4000 13245.0000 12983.0000 13092.0000 12997.0000 13075.0000 13133.0000 13158.0000 13202.0000 
36.6000 13145.0000 13206.0000 13066.0000 13030.0000 13167.0000 13203.0000 13137.0000 12999.0000 
36.8000 13135.0000 13122.0000 13012.0000 13023.0000 13143.0000 13082.0000 13146.0000 13208.0000 
37.0000 13350.0000 13071.0000 13083.0000 12926.0000 13313.0000 13032.0000 13219.0000 13216.0000 
37.2000 13133.0000 13117.0000 12958.0000 12929.0000 13011.0000 13200.0000 12999.0000 13201.0000 
37.4000 13354.0000 13046.0000 13104.0000 12976.0000 13173.0000 13043.0000 13210.0000 13099.0000 
37.6000 13357.0000 13127.0000 12925.0000 13206.0000 13099.0000 13216.0000 13072.0000 12919.0000 
37.8000 13143.0000 13104.0000 13154.0000 12792.0000 12987.0000 13058.0000 13065.0000 13047.0000 
38.0000 13191.0000 13278.0000 13047.0000 13203.0000 13133.0000 13161.0000 13118.0000 12986.0000 
38.2000 13303.0000 13157.0000 13176.0000 13012.0000 13025.0000 13138.0000 13057.0000 13220.0000 
38.4000 13289.0000 13258.0000 13213.0000 13239.0000 13246.0000 13142.0000 13095.0000 13088.0000 
38.6000 13279.0000 13022.0000 12999.0000 12949.0000 13203.0000 13003.0000 13302.0000 13087.0000 
38.8000 13347.0000 13270.0000 13119.0000 13054.0000 13249.0000 13070.0000 13307.0000 13263.0000 
39.0000 13231.0000 13195.0000 13037.0000 13136.0000 13006.0000 13033.0000 13187.0000 13110.0000 
39.2000 13125.0000 13166.0000 13082.0000 13116.0000 13192.0000 13040.0000 13064.0000 13107.0000 
39.4000 13265.0000 13247.0000 13072.0000 12947.0000 13219.0000 13197.0000 13147.0000 13162.0000 
39.6000 13206.0000 12890.0000 13104.0000 13226.0000 13189.0000 12998.0000 13197.0000 13023.0000 
39.8000 13225.0000 13134.0000 13163.0000 12969.0000 13079.0000 13125.0000 13251.0000 12982.0000 
40.0000 13171.0000 13161.0000 13193.0000 12858.0000 12916.0000 13029.0000 13146.0000 13122.0000 
40.2000 13336.0000 12928.0000 13107.0000 12926.0000 13098.0000 13096.0000 13267.0000 13085.0000 
40.4000 13178.0000 13204.0000 12942.0000 13144.0000 13155.0000 13066.0000 13129.0000 13122.0000 
40.6000 13433.0000 13181.0000 12981.0000 13064.0000 13190.0000 12992.0000 13259.0000 13136.0000 
40.8000 13119.0000 13115.0000 13047.0000 13030.0000 13178.0000 12945.0000 13097.0000 13101.0000 
41.0000 13176.0000 13237.0000 13026.0000 12976.0000 13115.0000 12936.0000 12996.0000 13120.0000 
41.2000 13143.0000 13172.0000 13141.0000 13108.0000 13060.0000 12927.0000 13062.0000 13138.0000 
41.4000 13401.0000 13100.0000 12976.0000 13114.0000 13166.0000 13231.0000 13204.0000 13140.0000 
41.6000 13190.0000 13170.0000 13000.0000 12985.0000 12986.0000 13172.0000 13219.0000 12971.0000 
41.8000 13142.0000 13051.0000 13015.0000 12949.0000 13229.0000 12976.0000 13120.0000 13230.0000 
42.0000 13302.0000 13068.0000 13042.0000 13034.0000 13146.0000 12999.0000 13139.0000 13154.0000 
42.2000 13225.0000 13062.0000 13294.0000 13110.0000 13086.0000 13104.0000 13186.0000 13109.0000 
42.4000 13272.0000 13139.0000 12920.0000 12942.0000 12977.0000 13106.0000 13324.0000 12992.0000 
42.6000 13255.0000 13206.0000 13126.0000 13060.0000 13226.0000 13061.0000 13137.0000 13026.0000 
42.8000 13160.0000 13136.0000 13159.0000 13066.0000 13031.0000 13212.0000 13201.0000 13176.0000 
43.0000 13275.0000 13103.0000 13121.0000 12937.0000 13138.0000 13064.0000 13194.0000 12989.0000 
43.2000 13361.0000 13156.0000 13176.0000 13064.0000 13215.0000 12904.0000 13151.0000 13056.0000 
43.4000 13320.0000 13188.0000 13024.0000 12992.0000 13034.0000 13061.0000 13064.0000 13080.0000 
43.6000 13348.0000 13162.0000 12959.0000 13005.0000 13204.0000 13086.0000 13139.0000 13100.0000 
43.8000 13216.0000 13078.0000 13084.0000 13031.0000 13157.0000 13031.0000 13051.0000 13117.0000 
44.0000 13090.0000 13178.0000 13070.0000 13016.0000 13056.0000 13062.0000 13055.0000 13143.0000 
44.2000 13179.0000 12969.0000 13164.0000 13082.0000 13115.0000 13112.0000 13208.0000 13029.0000 
44.4000 13314.0000 13079.0000 13107.0000 13204.0000 13322.0000 12972.0000 13328.0000 13002.0000 
44.6000 13256.0000 13258.0000 13130.0000 13193.0000 13187.0000 13084.0000 13270.0000 13111.0000 
44.8000 13323.0000 13238.0000 13092.0000 13166.0000 13255.0000 13141.0000 13158.0000 13045.0000 
45.0000 13284.0000 13235.0000 13224.0000 13086.0000 13259.0000 13005.0000 13169.0000 13093.0000 
45.2000 13268.0000 13246.0000 13215.0000 13004.0000 13240.0000 13146.0000 13197.0000 13143.0000 
45.4000 13183.0000 13093.0000 13087.0000 12997.0000 13096.0000 12892.0000 13253.0000 13084.0000 
45.6000 13257.0000 13126.0000 13198.0000 13242.0000 13129.0000 12956.0000 13050.0000 13068.0000 
45.8000 13164.0000 13020.0000 13131.0000 13178.0000 13214.0000 12980.0000 13036.0000 13228.0000 
46.0000 13327.0000 13036.0000 13044.0000 13100.0000 13052.0000 12852.0000 13128.0000 13193.0000 
46.2000 13160.0000 13115.0000 12959.0000 13036.0000 13175.0000 13100.0000 13138.0000 13193.0000 
46.4000 13377.0000 13094.0000 13279.0000 13095.0000 13098.0000 13079.0000 13244.0000 13129.0000 
46.6000 13350.0000 13051.0000 13109.0000 13123.0000 13045.0000 13119.0000 13248.0000 13062.0000 
46.8000 13118.0000 13244.0000 13001.0000 13064.0000 13094.0000 13190.0000 13275.0000 13117.0000 
47.0000 13157.0000 13060.0000 12936.0000 12940.0000 13074.0000 12970.0000 13118.0000 13097.0000 
47.2000 13228.0000 13279.0000 13235.0000 12971.0000 13105.0000 12971.0000 13003.0000 13142.0000 
47.4000 13059.0000 12982.0000 12957.0000 13033.0000 13253.0000 13031.0000 13060.0000 13094.0000 
47.6000 13278.0000 13047.0000 13135.0000 13117.0000 13052.0000 12984.0000 13232.0000 13154.0000 
47.8000 13176.0000 13030.0000 13106.0000 12992.0000 13173.0000 12980.0000 13122.0000 13171.0000 
48.0000 13274.0000 12976.0000 12872.0000 13101.0000 13048.0000 13007.0000 13100.0000 13043.0000 
48.2000 13359.0000 13134.0000 13151.0000 13044.0000 12966.0000 13002.0000 13028.0000 13026.0000 
48.4000 13229.0000 13085.0000 12946.0000 13069.0000 13156.0000 13123.0000 12950.0000 13131.0000 
48.6000 13160.0000 13022.0000 12987.0000 12975.0000 13166.0000 13062.0000 13034.0000 13168.0000 
48.8000 13203.0000 13057.0000 12967.0000 12912.0000 13107.0000 13112.0000 12983.0000 13271.0000 
49.0000 13359.0000 13191.0000 13022.0000 13072.0000 13045.0000 13029.0000 13044.0000 13094.0000 
49.2000 13292.0000 13180.0000 13069.0000 12976.0000 13026.0000 13075.0000 13164.0000 13226.0000 
49.4000 13220.0000 12894.0000 12964.0000 12811.0000 13142.0000 13153.0000 13071.0000 13046.0000 
49.6000 13251.0000 13032.0000 12990.0000 13078.0000 12991.0000 13089.0000 13162.0000 12978.0000 
49.8000 13302.0000 13039.0000 12923.0000 12813.0000 12918.0000 13088.0000 13135.0000 13214.0000 
50.0000 13232.0000 13060.0000 13123.0000 12947.0000 13105.0000 13184.0000 13117.0000 13097.0000 
50.2000 13294.0000 12951.0000 13064.0000 13016.0000 13089.0000 13121.0000 13176.0000 12924.0000 
50.4000 13222.0000 12972.0000 12847.0000 13166.0000 13208.0000 13045.0000 13228.0000 13076.0000 
50.6000 13305.0000 13193.0000 13124.0000 13091.0000 13125.0000 12912.0000 13217.0000 13182.0000 
50.8000 13174.0000 13030.0000 13142.0000 13085.0000 13221.0000 13064.0000 13246.0000 12988.0000 
51.0000 13265.0000 13207.0000 12933.0000 12966.0000 13218.0000 12945.0000 13045.0000 13146.0000 
51.2000 13189.0000 13333.0000 13119.0000 12939.0000 13219.0000 13062.0000 13159.0000 13278.0000 
51.4000 13165.0000 13142.0000 13068.0000 13068.0000 13001.0000 13026.0000 13232.0000 13218.0000 
51.6000 13049.0000 13173.0000 13254.0000 13042.0000 13121.0000 13091.0000 13259.0000 13129.0000 
51.8000 13241.0000 13124.0000 13057.0000 13091.0000 13196.0000 13029.0000 13055.0000 13107.0000 
52.0000 13278.0000 13136.0000 12958.0000 13068.0000 13179.0000 13001.0000 12919.0000 13048.0000 
52.2000 13265.0000 13105.0000 13075.0000 12997.0000 13268.0000 13141.0000 13139.0000 13096.0000 
52.4000 13173.0000 13209.0000 13105.0000 13003.0000 12990.0000 13108.0000 13208.0000 13203.0000 
52.6000 13077.0000 13125.0000 13109.0000 12971.0000 13200.0000 13163.0000 13196.0000 13011.0000 
52.8000 13352.0000 13187.0000 13167.0000 13036.0000 13154.0000 13171.0000 13378.0000 12981.0000 
53.0000 13280.0000 13207.0000 13122.0000 13036.0000 13143.0000 13167.0000 13296.0000 13186.0000 
53.2000 13242.0000 13025.0000 13104.0000 12994.0000 13163.0000 13028.0000 13258.0000 13196.0000 
53.4000 13077.0000 13180.0000 13042.0000 13084.0000 13028.0000 13098.0000 13146.0000 12903.0000 
53.6000 13195.0000 13263.0000 13048.0000 13010.0000 13100.0000 13024.0000 13010.0000 13160.0000 
53.8000 13178.0000 13180.0000 13073.0000 13109.0000 13019.0000 13071.0000 13260.0000 13129.0000 
54.0000 13381.0000 13025.0000 13236.0000 13093.0000 13113.0000 13128.0000 13118.0000 12965.0000 
54.2000 13255.0000 13092.0000 12998.0000 12960.0000 13176.0000 13116.0000 13081.0000 13174.0000 
54.4000 13255.0000 13023.0000 12984.0000 12970.0000 13104.0000 12988.0000 13177.0000 13065.0000 
54.6000 13284.0000 12933.0000 12882.0000 13060.0000 13171.0000 13181.0000 13120.0000 13169.0000 
54.8000 13254.0000 13087.0000 13032.0000 12983.0000 13113.0000 13161.0000 13201.0000 13084.0000 
55.0000 13319.0000 13082.0000 12976.0000 13016.0000 13109.0000 13070.0000 13245.0000 13123.0000 
55.2000 13219.0000 13279.0000 13131.0000 13176.0000 13080.0000 12900.0000 13126.0000 13090.0000 
55.4000 13208.0000 13076.0000 13199.0000 13130.0000 13037.0000 13063.0000 13084.0000 13086.0000 
55.6000 13215.0000 12943.0000 13252.0000 13049.0000 13062.0000 13028.0000 13058.0000 13107.0000 
55.8000 13155.0000 13059.0000 12974.0000 12971.0000 13052.0000 13140.0000 13198.0000 13230.0000 
56.0000 13167.0000 13096.0000 13042.0000 12980.0000 13072.0000 13000.0000 13187.0000 13040.0000 
56.2000 13241.0000 13191.0000 13074.0000 12994.0000 13192.0000 13124.0000 13198.0000 12908.0000 
56.4000 13140.0000 13173.0000 13043.0000 13051.0000 13041.0000 13077.0000 13185.0000 13087.0000 
56.6000 13209.0000 13147.0000 13103.0000 13071.0000 12961.0000 12997.0000 13288.0000 13107.0000 
56.8000 13371.0000 13155.0000 13182.0000 12966.0000 12997.0000 13210.0000 13173.0000 13100.0000 
57.0000 13237.0000 13161.0000 12982.0000 13124.0000 13221.0000 13046.0000 13112.0000 13016.0000 
57.2000 13239.0000 13209.0000 13109.0000 13041.0000 13050.0000 13136.0000 13297.0000 13065.0000 
57.4000 13144.0000 13076.0000 13031.0000 13038.0000 13293.0000 12980.0000 13109.0000 13052.0000 
57.6000 13268.0000 13240.0000 13173.0000 12959.0000 13298.0000 13018.0000 13271.0000 13207.0000 
57.8000 13158.0000 13180.0000 13015.0000 13102.0000 13199.0000 13022.0000 13175.0000 13121.0000 
58.0000 13298.0000 13276.0000 13187.0000 13064.0000 13188.0000 13172.0000 13294.0000 13325.0000 
58.2000 13172.0000 13026.0000 13123.0000 13103.0000 13183.0000 12958.0000 13045.0000 13191.0000 
58.4000 13290.0000 13129.0000 13003.0000 12911.0000 13079.0000 13075.0000 13207.0000 12985.0000 
58.6000 13319.0000 13043.0000 13194.0000 13074.0000 13164.0000 13001.0000 13122.0000 13170.0000 
58.8000 13232.0000 13184.0000 13108.0000 13136.0000 13100.0000 13179.0000 13107.0000 13109.0000 
59.0000 13232.0000 13213.0000 13004.0000 13045.0000 13157.0000 13064.0000 13045.0000 13118.0000 
59.2000 13271.0000 13087.0000 13069.0000 13071.0000 13068.0000 13171.0000 12889.0000 13123.0000 
59.4000 13360.0000 13116.0000 12981.0000 13206.0000 13140.0000 13180.0000 13219.0000 13215.0000 
59.6000 13285.0000 13097.0000 13004.0000 12971.0000 13109.0000 12939.0000 13063.0000 13029.0000 
59.8000 13169.0000 13046.0000 13038.0000 13030.0000 13079.0000 12891.0000 13178.0000 12974.0000 
60.0000 13215.0000 13111.0000 13232.0000 13129.0000 13143.0000 12944.0000 13207.0000 12980.0000 
60.2000 13293.0000 13182.0000 13100.0000 12955.0000 13068.0000 13189.0000 13293.0000 13103.0000 
60.4000 13090.0000 13119.0000 12870.0000 13094.0000 13054.0000 13006.0000 13226.0000 13117.0000 
60.6000 13416.0000 13002.0000 13079.0000 13044.0000 13203.0000 13047.0000 12934.0000 12967.0000 
60.8000 13099.0000 13135.0000 13077.0000 13138.0000 13075.0000 13086.0000 13103.0000 13024.0000 
61.0000 13068.0000 13049.0000 13057.0000 12889.0000 12960.0000 13157.0000 13180.0000 13159.0000 
61.2000 13089.0000 13029.0000 13014.0000 13018.0000 13086.0000 13003.0000 13204.0000 12934.0000 
61.4000 13077.0000 13130.0000 13124.0000 12960.0000 12987.0000 12956.0000 13002.0000 13090.0000 
61.6000 13127.0000 13022.0000 13014.0000 12925.0000 12967.0000 13023.0000 13082.0000 13234.0000 
61.8000 13378.0000 13118.0000 13019.0000 12868.0000 13247.0000 13061.0000 13069.0000 12963.0000 
62.0000 13229.0000 12972.0000 13179.0000 13091.0000 13017.0000 13029.0000 13047.0000 13217.0000 
62.2000 13287.0000 13069.0000 13184.0000 13019.0000 13317.0000 13142.0000 13307.0000 13057.0000 
62.4000 13360.0000 13166.0000 13017.0000 12971.0000 12905.0000 12873.0000 13184.0000 12957.0000 
62.6000 13365.0000 13100.0000 13301.0000 13084.0000 13011.0000 13012.0000 13142.0000 13248.0000 
62.8000 13236.0000 13009.0000 13185.0000 12925.0000 13034.0000 13033.0000 13131.0000 13101.0000 
63.0000 13298.0000 13067.0000 13101.0000 13160.0000 13068.0000 13156.0000 13159.0000 13120.0000 
63.2000 13182.0000 13153.0000 13021.0000 12945.0000 13070.0000 13080.0000 13053.0000 13046.0000 
63.4000 13271.0000 13190.0000 13035.0000 13056.0000 13050.0000 13126.0000 13228.0000 13151.0000 
63.6000 13282.0000 13116.0000 12924.0000 13130.0000 12971.0000 12997.0000 13182.0000 13019.0000 
63.8000 13203.0000 13088.0000 13142.0000 12962.0000 13018.0000 13009.0000 13143.0000 13097.0000 
64.0000 13227.0000 13249.0000 13080.0000 13116.0000 13089.0000 13044.0000 13250.0000 13163.0000 
64.2000 13173.0000 13237.0000 13062.0000 13132.0000 13130.0000 13023.0000 13188.0000 12956.0000 
64.4000 13081.0000 13046.0000 13197.0000 13034.0000 13214.0000 12981.0000 13152.0000 13098.0000 
64.6000 13203.0000 13259.0000 13173.0000 13004.0000 13190.0000 13046.0000 13158.0000 13130.0000 
64.8000 13258.0000 13172.0000 13284.0000 13072.0000 13242.0000 13015.0000 13068.0000 13138.0000 
65.0000 13386.0000 13213.0000 13020.0000 13025.0000 13077.0000 13103.0000 13131.0000 13247.0000 
65.2000 13270.0000 13065.0000 13181.0000 12959.0000 13050.0000 13074.0000 13080.0000 13236.0000 
65.4000 13351.0000 13045.0000 13195.0000 13096.0000 13012.0000 13165.0000 12867.0000 13062.0000 
65.6000 13151.0000 13128.0000 12923.0000 12919.0000 13013.0000 13031.0000 13024.0000 13131.0000 
65.8000 13116.0000 13239.0000 13078.0000 12918.0000 13179.0000 13089.0000 13062.0000 13063.0000 
66.0000 13307.0000 13059.0000 12994.0000 12912.0000 13256.0000 12775.0000 13107.0000 13190.0000 
66.2000 13285.0000 13145.0000 12956.0000 12951.0000 13055.0000 13095.0000 13082.0000 13079.0000 
66.4000 13311.0000 13179.0000 13063.0000 13121.0000 13147.0000 13097.0000 13241.0000 13031.0000 
66.6000 13154.0000 13075.0000 12982.0000 13108.0000 13201.0000 13101.0000 13263.0000 13012.0000 
66.8000 13315.0000 13074.0000 13079.0000 13019.0000 13200.0000 13131.0000 13281.0000 13022.0000 
67.0000 13384.0000 13017.0000 13178.0000 12980.0000 13072.0000 13161.0000 12932.0000 13061.0000 
67.2000 13277.0000 13048.0000 12951.0000 13172.0000 13016.0000 12965.0000 13016.0000 13128.0000 
67.4000 13248.0000 12945.0000 13013.0000 12975.0000 13152.0000 12990.0000 13147.0000 12919.0000 
67.6000 13296.0000 13079.0000 13221.0000 12949.0000 13065.0000 13033.0000 13228.0000 13144.0000 
67.8000 13338.0000 13028.0000 13014.0000 13042.0000 13009.0000 13050.0000 13221.0000 13120.0000 
68.0000 13214.0000 13121.0000 13002.0000 12979.0000 13043.0000 13133.0000 13210.0000 12854.0000 
68.2000 13215.0000 13074.0000 13122.0000 13012.0000 13260.0000 13017.0000 13200.0000 13116.0000 
68.4000 13359.0000 13108.0000 13084.0000 13005.0000 13155.0000 13079.0000 13196.0000 12994.0000 
68.6000 13258.0000 12996.0000 13147.0000 13002.0000 13144.0000 13163.0000 13089.0000 12977.0000 
68.8000 13245.0000 13182.0000 13080.0000 13051.0000 13187.0000 12926.0000 13068.0000 12956.0000 
69.0000 13119.0000 13005.0000 13240.0000 13211.0000 13074.0000 13157.0000 13183.0000 13065.0000 
69.2000 13370.0000 13189.0000 12995.0000 12791.0000 13058.0000 12970.0000 13218.0000 13135.0000 
69.4000 13251.0000 13158.0000 13103.0000 12939.0000 13019.0000 12919.0000 13057.0000 13024.0000 
69.6000 13073.0000 13063.0000 13134.0000 12969.0000 13138.0000 13087.0000 13011.0000 13014.0000 
69.8000 13311.0000 13040.0000 13203.0000 13113.0000 13141.0000 13129.0000 13102.0000 13095.0000 
70.0000 13283.0000 13047.0000 13204.0000 12994.0000 13132.0000 13070.0000 13210.0000 13146.0000 
70.2000 13238.0000 13153.0000 13181.0000 12846.0000 13133.0000 13002.0000 13130.0000 13265.0000 
70.4000 13353.0000 13165.0000 13141.0000 12960.0000 13161.0000 13144.0000 13006.0000 13171.0000 
70.6000 13362.0000 13149.0000 13003.0000 13176.0000 13243.0000 13063.0000 13187.0000 13115.0000 
70.8000 13301.0000 13142.0000 12978.0000 13013.0000 13200.0000 12967.0000 13077.0000 13149.0000 
71.0000 13229.0000 13197.0000 13117.0000 13034.0000 13111.0000 12886.0000 13064.0000 13037.0000 
71.2000 13136.0000 13063.0000 13058.0000 13084.0000 13084.0000 12989.0000 13188.0000 12937.0000 
71.4000 13324.0000 13118.0000 13072.0000 13128.0000 12948.0000 13172.0000 13230.0000 13088.0000 
71.6000 13185.0000 13013.0000 13033.0000 13100.0000 12998.0000 12973.0000 13072.0000 13117.0000 
71.8000 13153.0000 13140.0000 13202.0000 12954.0000 13008.0000 13049.0000 13191.0000 13071.0000 
72.0000 13295.0000 13098.0000 12963.0000 13031.0000 12992.0000 13173.0000 13156.0000 13238.0000 
72.2000 13091.0000 13093.0000 13051.0000 12992.0000 13100.0000 13110.0000 13071.0000 13022.0000 
72.4000 13335.0000 13023.0000 12965.0000 13055.0000 13181.0000 12984.0000 13127.0000 13173.0000 
72.6000 13186.0000 13131.0000 13099.0000 13022.0000 12951.0000 13062.0000 12909.0000 13096.0000 
72.8000 13146.0000 12980.0000 13005.0000 13088.0000 13180.0000 12950.0000 13119.0000 13237.0000 
73.0000 13108.0000 13301.0000 13157.0000 13149.0000 13063.0000 12962.0000 13161.0000 13084.0000 
73.2000 13257.0000 13251.0000 13209.0000 13042.0000 13276.0000 13273.0000 13129.0000 13116.0000 
73.4000 13337.0000 12981.0000 13054.0000 13066.0000 13133.0000 13008.0000 13219.0000 13051.0000 
73.6000 13116.0000 13053.0000 13024.0000 12927.0000 12937.0000 13089.0000 12962.0000 12948.0000 
73.8000 13354.0000 13120.0000 13016.0000 13045.0000 13226.0000 13063.0000 13188.0000 13102.0000 
74.0000 13186.0000 13108.0000 13182.0000 12970.0000 13072.0000 13228.0000 13168.0000 13063.0000 
74.2000 13138.0000 13126.0000 13028.0000 13013.0000 12984.0000 13037.0000 13138.0000 13172.0000 
74.4000 13331.0000 13052.0000 13177.0000 12899.0000 13024.0000 13149.0000 13109.0000 13016.0000 
74.6000 13141.0000 12959.0000 12987.0000 12928.0000 13005.0000 13099.0000 13057.0000 13216.0000 
74.8000 13242.0000 13107.0000 13027.0000 13104.0000 13068.0000 13057.0000 13243.0000 13092.0000 
75.0000 13202.0000 13028.0000 13205.0000 13032.0000 13160.0000 13055.0000 13093.0000 12973.0000 
75.2000 13159.0000 13123.0000 13102.0000 13010.0000 12962.0000 13067.0000 13114.0000 13135.0000 
75.4000 13346.0000 12969.0000 13108.0000 12998.0000 13157.0000 12935.0000 13013.0000 13074.0000 
75.6000 13372.0000 12975.0000 12965.0000 13072.0000 13074.0000 13105.0000 13179.0000 13112.0000 
75.8000 13302.0000 12964.0000 12928.0000 12970.0000 13295.0000 13096.0000 12979.0000 13096.0000 
76.0000 13284.0000 13041.0000 12902.0000 12947.0000 13168.0000 13008.0000 13103.0000 12970.0000 
76.2000 13252.0000 13051.0000 13175.0000 12866.0000 13110.0000 13186.0000 13124.0000 13073.0000 
76.4000 13343.0000 13152.0000 13165.0000 13055.0000 13175.0000 13169.0000 13147.0000 13150.0000 
76.6000 13238.0000 13082.0000 13135.0000 12943.0000 13124.0000 13174.0000 13175.0000 13023.0000 
76.8000 13256.0000 13253.0000 13081.0000 13012.0000 13208.0000 13118.0000 13234.0000 13065.0000 
77.0000 13270.0000 13195.0000 13268.0000 13073.0000 13168.0000 13218.0000 13134.0000 13142.0000 
77.2000 13318.0000 13191.0000 13112.0000 13004.0000 13103.0000 13112.0000 13035.0000 13118.0000 
77.4000 13298.0000 13117.0000 13074.0000 13008.0000 13155.0000 13105.0000 13059.0000 13282.0000 
77.6000 13152.0000 13063.0000 13180.0000 13064.0000 13172.0000 12894.0000 13137.0000 13042.0000 
77.8000 13121.0000 13057.0000 13039.0000 13141.0000 13081.0000 12952.0000 13158.0000 13017.0000 
78.0000 13277.0000 13086.0000 13168.0000 13115.0000 13164.0000 12965.0000 13226.0000 13059.0000 
78.2000 13204.0000 13143.0000 12992.0000 13090.0000 13165.0000 13132.0000 13075.0000 13169.0000 
78.4000 13302.0000 13055.0000 13058.0000 13113.0000 13271.0000 12894.0000 13265.0000 12955.0000 
78.6000 13377.0000 13138.0000 13007.0000 12973.0000 13106.0000 13014.0000 13208.0000 12577.0000 
78.8000 13227.0000 12985.0000 13124.0000 13000.0000 13051.0000 13059.0000 13144.0000 13143.0000 
79.0000 13200.0000 13195.0000 13064.0000 13043.0000 13212.0000 12967.0000 13124.0000 13204.0000 
79.2000 13263.0000 13134.0000 13081.0000 12939.0000 13298.0000 13030.0000 13264.0000 13136.0000 
79.4000 13216.0000 13087.0000 13105.0000 13022.0000 13220.0000 13173.0000 13214.0000 13262.0000 
79.6000 13148.0000 13145.0000 13096.0000 13073.0000 13106.0000 13185.0000 13201.0000 13036.0000 
79.8000 13264.0000 13155.0000 12980.0000 13114.0000 13069.0000 13162.0000 13204.0000 13094.0000 
80.0000 13137.0000 13121.0000 13054.0000 12981.0000 13129.0000 13084.0000 13276.0000 13094.0000 
80.2000 13318.0000 12975.0000 13112.0000 12975.0000 13116.0000 12974.0000 13271.0000 12891.0000 
80.4000 13355.0000 13194.0000 13237.0000 13069.0000 13210.0000 13283.0000 13238.0000 13061.0000 
80.6000 13294.0000 12951.0000 12973.0000 13165.0000 12997.0000 13165.0000 13051.0000 13174.0000 
80.8000 13115.0000 13125.0000 13018.0000 13008.0000 13164.0000 13209.0000 13188.0000 13176.0000 
81.0000 13289.0000 13077.0000 12942.0000 12981.0000 13126.0000 13022.0000 13168.0000 13154.0000 
81.2000 13338.0000 13063.0000 13172.0000 13109.0000 12908.0000 12936.0000 13192.0000 13047.0000 
81.4000 13257.0000 13092.0000 13076.0000 12815.0000 13023.0000 12908.0000 13072.0000 13059.0000 
81.6000 13254.0000 13167.0000 12909.0000 12913.0000 13143.0000 12877.0000 13160.0000 12906.0000 
81.8000 13307.0000 13104.0000 13122.0000 13220.0000 13212.0000 12995.0000 13212.0000 13072.0000 
82.0000 13128.0000 13119.0000 12995.0000 13072.0000 13098.0000 12898.0000 13291.0000 13157.0000 
82.2000 13241.0000 12974.0000 12916.0000 13170.0000 13161.0000 12963.0000 12971.0000 13061.0000 
82.4000 13155.0000 13171.0000 13233.0000 13031.0000 13198.0000 13035.0000 13082.0000 13211.0000 
82.6000 13291.0000 13173.0000 13053.0000 13137.0000 13086.0000 13165.0000 13206.0000 13086.0000 
82.8000 13314.0000 13225.0000 13003.0000 13115.0000 13183.0000 12942.0000 13270.0000 13147.0000 
83.0000 13277.0000 13126.0000 13023.0000 12971.0000 13142.0000 12947.0000 13072.0000 13135.0000 
83.2000 13137.0000 12994.0000 12869.0000 13064.0000 13033.0000 12883.0000 13019.0000 12988.0000 
83.4000 13095.0000 13199.0000 13133.0000 12784.0000 13066.0000 13048.0000 13133.0000 12979.0000 
83.6000 13116.0000 12925.0000 12828.0000 12842.0000 12831.0000 12703.0000 12985.0000 12967.0000 
83.8000 13263.0000 13232.0000 12958.0000 13035.0000 13164.0000 13035.0000 13253.0000 13358.0000 
84.0000 12977.0000 13073.0000 12980.0000 12663.0000 12931.0000 12782.0000 12997.0000 13029.0000 
84.2000 13230.0000 13143.0000 13084.0000 13105.0000 13006.0000 13058.0000 12957.0000 13227.0000 
84.4000 13064.0000 13006.0000 12813.0000 12912.0000 12915.0000 12716.0000 13029.0000 12871.0000 
84.6000 13298.0000 13247.0000 13114.0000 13176.0000 13039.0000 12946.0000 13087.0000 13193.0000 
84.8000 13134.0000 13004.0000 12881.0000 12929.0000 12977.0000 12805.0000 13010.0000 12838.0000 
85.0000 13258.0000 13005.0000 12973.0000 13170.0000 13098.0000 13092.0000 13238.0000 13068.0000 
85.2000 12973.0000 12806.0000 12971.0000 12812.0000 12931.0000 13014.0000 12938.0000 12855.0000 
85.4000 13136.0000 12911.0000 12958.0000 13069.0000 13046.0000 13077.0000 13187.0000 13112.0000 
85.6000 13046.0000 12941.0000 12711.0000 12882.0000 12984.0000 12843.0000 13096.0000 12755.0000 
85.8000 12932.0000 13078.0000 13034.0000 13108.0000 13152.0000 12982.0000 13211.0000 13137.0000 
86.0000 12948.0000 12841.0000 12766.0000 12840.0000 12985.0000 12715.0000 12861.0000 12811.0000 
86.2000 13202.0000 13043.0000 13170.0000 12945.0000 13260.0000 13002.0000 13213.0000 13104.0000 
86.4000 12930.0000 12802.0000 12994.0000 12770.0000 13029.0000 12835.0000 12991.0000 12900.0000 
86.6000 13159.0000 13043.0000 13113.0000 12981.0000 13076.0000 13114.0000 13183.0000 13100.0000 
86.8000 12990.0000 12776.0000 12857.0000 12819.0000 12895.0000 12789.0000 13099.0000 12927.0000 
87.0000 13320.0000 12990.0000 13130.0000 12992.0000 13167.0000 13087.0000 13283.0000 13239.0000 
87.2000 13055.0000 12964.0000 12743.0000 12779.0000 12841.0000 13015.0000 12925.0000 12925.0000 
87.4000 13164.0000 13186.0000 13026.0000 12977.0000 13062.0000 13160.0000 13115.0000 13056.0000 
87.6000 12913.0000 12971.0000 12854.0000 12882.0000 13007.0000 12885.0000 12900.0000 12928.0000 
87.8000 13207.0000 13122.0000 12988.0000 13091.0000 13067.0000 13008.0000 13097.0000 13004.0000 
88.0000 12947.0000 12974.0000 12986.0000 12683.0000 12966.0000 12761.0000 12998.0000 12873.0000 
88.2000 13188.0000 13044.0000 13091.0000 13075.0000 13071.0000 13081.0000 13171.0000 13198.0000 
88.4000 12947.0000 12807.0000 12837.0000 12797.0000 12986.0000 12744.0000 13005.0000 12970.0000 
88.6000 13213.0000 13095.0000 13038.0000 13058.0000 13207.0000 12935.0000 13044.0000 12862.0000 
88.8000 12746.0000 12822.0000 13014.0000 12839.0000 12959.0000 12823.0000 12948.0000 12826.0000 
89.0000 12984.0000 13014.0000 12910.0000 12907.0000 13097.0000 13105.0000 13244.0000 13107.0000 
89.2000 13163.0000 12822.0000 12913.0000 12688.0000 12854.0000 12696.0000 12862.0000 13058.0000 
89.4000 13300.0000 13224.0000 13023.0000 12959.0000 13236.0000 12934.0000 13199.0000 12952.0000 
89.6000 13083.0000 13027.0000 13022.0000 12827.0000 13009.0000 12758.0000 12962.0000 12770.0000 
89.8000 13099.0000 13043.0000 13054.0000 12921.0000 13002.0000 13052.0000 13154.0000 13076.0000 
90.0000 12914.0000 12742.0000 12749.0000 12771.0000 12770.0000 12935.0000 12915.0000 12760.0000 
90.2000 13105.0000 12861.0000 12900.0000 12872.0000 13169.0000 13000.0000 13250.0000 13097.0000 
90.4000 12879.0000 12884.0000 12881.0000 12895.0000 12945.0000 12940.0000 12924.0000 12996.0000 
90.6000 13044.0000 12785.0000 13039.0000 13014.0000 13114.0000 13066.0000 13165.0000 13126.0000 
90.8000 12992.0000 12964.0000 12848.0000 12909.0000 12927.0000 12822.0000 12918.0000 12837.0000 
91.0000 13063.0000 13103.0000 13149.0000 12985.0000 13045.0000 13124.0000 13115.0000 13106.0000 
91.2000 13000.0000 12994.0000 12950.0000 12825.0000 12809.0000 12930.0000 13066.0000 12912.0000 
91.4000 13302.0000 12910.0000 12977.0000 12980.0000 13157.0000 13138.0000 13195.0000 13175.0000 
91.6000 13094.0000 12811.0000 12616.0000 12753.0000 12834.0000 12819.0000 12986.0000 12996.0000 
91.8000 13363.0000 13044.0000 12992.0000 12926.0000 13042.0000 12981.0000 13159.0000 13004.0000 
92.0000 13127.0000 12951.0000 12720.0000 12881.0000 12841.0000 12756.0000 12909.0000 12953.0000 
92.2000 13158.0000 12955.0000 13067.0000 13086.0000 12936.0000 13078.0000 13148.0000 13206.0000 
92.4000 13099.0000 12842.0000 12968.0000 12978.0000 13039.0000 12747.0000 12941.0000 12810.0000 
92.6000 13172.0000 13160.0000 12865.0000 12895.0000 13281.0000 12976.0000 13109.0000 13031.0000 
92.8000 12769.0000 13107.0000 12767.0000 12858.0000 13000.0000 12874.0000 12822.0000 12756.0000 
93.0000 13111.0000 13019.0000 12902.0000 12859.0000 13261.0000 12988.0000 13067.0000 13174.0000 
93.2000 12859.0000 12822.0000 12732.0000 12773.0000 13068.0000 12835.0000 13022.0000 12994.0000 
93.4000 13065.0000 13064.0000 13002.0000 12995.0000 13136.0000 13253.0000 13192.0000 12928.0000 
93.6000 13029.0000 12969.0000 12781.0000 12941.0000 13030.0000 12835.0000 13016.0000 12960.0000 
93.8000 13222.0000 13007.0000 13099.0000 13138.0000 12943.0000 13017.0000 13067.0000 13004.0000 
94.0000 12993.0000 12851.0000 12917.0000 12861.0000 12932.0000 12784.0000 12946.0000 12868.0000 
94.2000 13202.0000 13251.0000 13062.0000 13026.0000 13183.0000 12990.0000 13221.0000 13058.0000 
94.4000 12963.0000 12774.0000 12831.0000 12809.0000 12736.0000 12774.0000 13068.0000 12895.0000 
94.6000 13193.0000 13018.0000 12966.0000 13070.0000 12893.0000 13120.0000 13140.0000 13061.0000 
94.8000 13113.0000 12823.0000 12934.0000 12825.0000 12795.0000 12885.0000 12977.0000 12938.0000 
95.0000 13221.0000 13189.0000 13129.0000 12988.0000 13136.0000 12926.0000 13032.0000 13149.0000 
95.2000 13011.0000 12891.0000 12786.0000 12763.0000 13023.0000 12930.0000 12909.0000 12795.0000 
95.4000 13097.0000 12979.0000 13108.0000 12997.0000 13092.0000 13018.0000 12928.0000 12968.0000 
95.6000 13010.0000 12853.0000 12818.0000 12762.0000 12965.0000 12892.0000 13037.0000 12862.0000 
95.8000 13241.0000 12996.0000 13013.0000 13032.0000 13216.0000 12960.0000 13255.0000 13085.0000 
96.0000 12892.0000 12890.0000 12854.0000 12758.0000 12918.0000 12902.0000 12885.0000 12953.0000 
96.2000 13086.0000 13310.0000 13120.0000 13115.0000 13238.0000 13169.0000 13005.0000 13013.0000 
96.4000 12915.0000 12927.0000 12831.0000 12933.0000 12836.0000 12806.0000 12962.0000 12895.0000 
96.6000 13158.0000 13060.0000 12959.0000 12983.0000 12960.0000 13174.0000 13144.0000 13055.0000 
96.8000 12878.0000 12731.0000 12854.0000 12828.0000 12898.0000 12898.0000 12910.0000 12889.0000 
97.0000 13087.0000 13167.0000 12873.0000 12972.0000 12878.0000 12992.0000 13155.0000 13123.0000 
97.2000 12975.0000 12945.0000 12889.0000 12833.0000 12953.0000 12797.0000 12954.0000 12781.0000 
97.4000 13291.0000 13038.0000 13000.0000 12950.0000 13055.0000 13056.0000 13215.0000 13066.0000 
97.6000 12900.0000 12819.0000 12875.0000 12786.0000 12751.0000 12767.0000 12885.0000 12785.0000 
97.8000 13039.0000 13001.0000 12801.0000 13069.0000 13015.0000 13012.0000 13124.0000 13105.0000 
98.0000 13014.0000 12891.0000 12910.0000 12905.0000 12816.0000 12901.0000 12972.0000 12821.0000 
98.2000 13195.0000 13194.0000 13088.0000 13091.0000 13117.0000 13040.0000 13179.0000 13069.0000 
98.4000 13122.0000 12980.0000 12881.0000 12849.0000 12918.0000 12897.0000 12949.0000 12848.0000 
98.6000 13130.0000 12996.0000 13049.0000 13058.0000 12984.0000 13207.0000 13095.0000 13215.0000 
98.8000 13095.0000 12816.0000 12902.0000 12776.0000 12912.0000 12876.0000 12904.0000 12884.0000 
99.0000 13055.0000 13239.0000 13166.0000 12912.0000 13231.0000 13000.0000 13091.0000 13079.0000 
99.2000 13017.0000 13020.0000 12831.0000 12814.0000 12784.0000 12962.0000 12912.0000 12907.0000 
99.4000 13197.0000 13156.0000 12873.0000 12895.0000 12964.0000 12910.0000 12980.0000 13023.0000 
99.6000 13042.0000 12909.0000 12864.0000 12926.0000 12909.0000 12706.0000 12843.0000 12856.0000 
99.8000 13269.0000 13010.0000 13116.0000 13009.0000 13223.0000 12975.0000 13104.0000 13088.0000 
100.0000 13107.0000 12818.0000 12919.0000 12890.0000 12999.0000 12945.0000 12787.0000 12872.0000 
100.2000 13166.0000 12995.0000 13001.0000 12879.0000 13093.0000 12946.0000 13047.0000 12912.0000 
100.4000 12951.0000 12802.0000 12925.0000 12754.0000 12855.0000 12945.0000 12924.0000 12863.0000 
100.6000 13142.0000 13155.0000 12975.0000 13035.0000 13192.0000 13145.0000 13211.0000 13147.0000 
100.8000 13183.0000 12858.0000 12908.0000 12725.0000 12886.0000 12828.0000 12940.0000 12838.0000 
101.0000 13120.0000 13075.0000 12949.0000 12998.0000 13129.0000 13034.0000 13195.0000 13039.0000 
101.2000 12862.0000 12839.0000 12892.0000 12700.0000 12863.0000 12874.0000 12919.0000 12986.0000 
101.4000 13170.0000 13031.0000 12887.0000 12940.0000 13037.0000 12878.0000 13110.0000 13152.0000 
101.6000 13094.0000 12921.0000 12779.0000 12965.0000 12756.0000 12902.0000 12790.0000 12952.0000 
101.8000 13282.0000 13067.0000 13058.0000 12963.0000 13057.0000 12985.0000 13096.0000 12941.0000 
102.0000 13044.0000 12923.0000 12872.0000 12826.0000 12793.0000 12815.0000 12879.0000 12780.0000 
102.2000 13170.0000 13167.0000 13031.0000 13179.0000 13069.0000 12961.0000 13155.0000 13112.0000 
102.4000 12997.0000 12927.0000 12865.0000 12831.0000 12957.0000 12882.0000 12927.0000 13025.0000 
102.6000 13232.0000 13058.0000 12983.0000 13092.0000 13044.0000 13124.0000 13106.0000 13153.0000 
102.8000 13159.0000 12866.0000 12927.0000 12954.0000 12795.0000 12869.0000 12928.0000 12945.0000 
103.0000 13010.0000 13066.0000 12974.0000 12988.0000 13224.0000 12914.0000 13109.0000 13080.0000 
103.2000 13093.0000 12832.0000 12978.0000 12879.0000 12939.0000 12864.0000 12696.0000 12966.0000 
103.4000 13127.0000 12959.0000 12980.0000 12901.0000 13009.0000 12912.0000 12988.0000 13177.0000 
103.6000 13068.0000 12854.0000 12869.0000 12797.0000 13039.0000 12956.0000 12972.0000 12862.0000 
103.8000 13168.0000 12931.0000 13067.0000 12943.0000 13115.0000 13042.0000 13075.0000 13052.0000 
104.0000 12950.0000 12772.0000 12811.0000 12690.0000 13066.0000 12959.0000 13037.0000 12938.0000 
104.2000 13109.0000 12993.0000 12892.0000 12947.0000 13012.0000 13083.0000 13121.0000 13045.0000 
104.4000 12984.0000 12884.0000 12736.0000 12830.0000 12947.0000 12810.0000 12982.0000 12868.0000 
104.6000 13244.0000 13060.0000 12981.0000 12949.0000 13080.0000 13097.0000 13126.0000 13128.0000 
104.8000 13167.0000 12899.0000 12864.0000 12763.0000 12994.0000 12910.0000 12979.0000 12879.0000 
105.0000 13188.0000 13049.0000 13018.0000 12882.0000 13154.0000 12999.0000 13098.0000 13225.0000 
105.2000 12825.0000 12917.0000 12827.0000 12853.0000 12933.0000 12807.0000 13002.0000 12776.0000 
105.4000 13286.0000 13024.0000 13032.0000 13119.0000 13021.0000 13123.0000 13151.0000 13122.0000 
105.6000 12819.0000 12850.0000 12890.0000 12862.0000 12907.0000 12779.0000 13025.0000 12958.0000 
105.8000 13214.0000 13110.0000 12983.0000 13096.0000 13007.0000 13064.0000 13184.0000 12923.0000 
106.0000 12947.0000 12881.0000 12876.0000 12971.0000 12813.0000 12847.0000 12860.0000 12851.0000 
106.2000 13138.0000 12947.0000 13114.0000 12992.0000 13011.0000 13061.0000 13068.0000 12893.0000 
106.4000 13051.0000 12983.0000 12884.0000 12811.0000 12835.0000 12764.0000 12873.0000 12828.0000 
106.6000 13029.0000 13192.0000 13058.0000 12900.0000 12986.0000 12997.0000 13011.0000 13222.0000 
106.8000 13059.0000 12907.0000 12835.0000 12907.0000 12939.0000 12766.0000 13028.0000 12872.0000 
107.0000 13094.0000 13032.0000 13060.0000 12891.0000 13030.0000 13235.0000 13009.0000 13106.0000 
107.2000 12934.0000 12843.0000 12886.0000 12790.0000 12802.0000 12868.0000 12937.0000 12979.0000 
107.4000 13125.0000 12968.0000 13074.0000 12919.0000 13223.0000 13068.0000 13132.0000 13034.0000 
107.6000 12939.0000 12848.0000 12759.0000 12776.0000 13016.0000 12877.0000 12855.0000 12912.0000 
107.8000 13088.0000 13119.0000 12957.0000 13033.0000 13323.0000 13253.0000 13019.0000 13197.0000 
108.0000 12897.0000 12974.0000 12867.0000 12833.0000 12952.0000 12813.0000 12824.0000 12911.0000 
108.2000 13201.0000 13158.0000 13012.0000 12961.0000 12934.0000 12967.0000 12998.0000 13011.0000 
108.4000 12925.0000 13014.0000 12812.0000 12909.0000 12953.0000 12640.0000 12873.0000 12904.0000 
108.6000 13243.0000 13205.0000 12977.0000 13064.0000 12989.0000 13264.0000 13195.0000 13070.0000 
108.8000 12981.0000 12895.0000 12884.0000 12944.0000 12975.0000 12965.0000 13002.0000 13002.0000 
109.0000 13185.0000 13126.0000 13027.0000 12966.0000 13045.0000 13014.0000 13078.0000 13113.0000 
109.2000 13049.0000 12949.0000 12936.0000 12912.0000 13067.0000 12723.0000 12938.0000 12966.0000 
109.4000 13071.0000 12948.0000 13040.0000 12927.0000 13058.0000 13172.0000 13167.0000 13171.0000 
109.6000 12837.0000 12986.0000 12843.0000 12716.0000 12976.0000 12879.0000 12992.0000 12921.0000 
109.8000 13204.0000 13129.0000 13005.0000 12999.0000 13024.0000 12971.0000 13116.0000 13192.0000 
110.0000 12951.0000 12848.0000 12751.0000 12949.0000 12875.0000 12817.0000 12882.0000 12901.0000 
110.2000 13139.0000 13135.0000 13001.0000 13142.0000 13153.0000 13057.0000 13097.0000 13029.0000 
110.4000 13113.0000 12988.0000 12785.0000 12771.0000 12902.0000 12840.0000 12898.0000 12959.0000 
110.6000 13253.0000 13122.0000 13058.0000 12998.0000 12960.0000 12977.0000 13108.0000 13088.0000 
110.8000 12981.0000 12921.0000 12845.0000 12970.0000 12930.0000 12939.0000 12919.0000 12993.0000 
111.0000 13138.0000 12969.0000 13079.0000 12944.0000 13023.0000 13069.0000 13033.0000 13082.0000 
111.2000 12934.0000 12889.0000 12883.0000 12885.0000 12934.0000 12859.0000 13105.0000 12921.0000 
111.4000 13092.0000 12916.0000 13008.0000 12825.0000 12986.0000 12880.0000 13066.0000 13108.0000 
111.6000 13018.0000 12856.0000 12829.0000 12727.0000 12921.0000 12911.0000 12912.0000 12891.0000 
111.8000 13028.0000 13067.0000 12880.0000 12959.0000 13027.0000 12900.0000 13132.0000 13156.0000 
112.0000 13034.0000 12779.0000 12826.0000 12806.0000 12907.0000 12767.0000 12839.0000 12957.0000 
112.2000 13122.0000 13071.0000 12867.0000 12928.0000 13197.0000 12966.0000 13143.0000 13006.0000 
112.4000 12868.0000 12777.0000 12820.0000 12856.0000 12904.0000 12845.0000 12916.0000 12904.0000 
112.6000 13218.0000 13037.0000 13148.0000 13019.0000 13128.0000 13015.0000 12998.0000 13162.0000 
112.8000 13007.0000 12846.0000 12870.0000 12884.0000 12847.0000 12934.0000 13000.0000 13007.0000 
113.0000 13188.0000 13030.0000 13051.0000 13029.0000 13129.0000 13020.0000 13009.0000 13087.0000 
113.2000 13176.0000 12920.0000 12899.0000 12832.0000 12913.0000 12923.0000 12963.0000 13038.0000 
113.4000 13135.0000 12998.0000 12936.0000 12885.0000 13012.0000 13061.0000 12999.0000 13096.0000 
113.6000 12995.0000 12819.0000 12760.0000 12849.0000 12900.0000 12871.0000 12897.0000 12798.0000 
113.8000 13152.0000 13014.0000 12998.0000 12976.0000 13060.0000 13133.0000 12997.0000 13070.0000 
114.0000 13166.0000 12703.0000 12958.0000 12889.0000 12803.0000 12673.0000 13047.0000 12995.0000 
114.2000 13201.0000 12977.0000 12992.0000 12998.0000 13139.0000 13049.0000 13084.0000 13139.0000 
114.4000 13178.0000 12800.0000 12866.0000 12903.0000 12928.0000 13011.0000 13024.0000 12972.0000 
114.6000 13109.0000 13002.0000 13019.0000 12955.0000 12974.0000 12858.0000 13071.0000 13156.0000 
114.8000 13049.0000 12831.0000 12807.0000 12833.0000 12739.0000 12735.0000 12983.0000 12980.0000 
115.0000 13223.0000 13044.0000 12960.0000 13170.0000 13174.0000 12918.0000 13039.0000 13134.0000 
115.2000 13094.0000 12946.0000 13026.0000 13076.0000 13070.0000 12856.0000 13022.0000 12985.0000 
115.4000 13099.0000 13160.0000 13006.0000 13125.0000 13169.0000 13092.0000 13032.0000 13099.0000 
115.6000 12934.0000 12782.0000 12765.0000 12829.0000 12891.0000 12888.0000 12930.0000 12856.0000 
115.8000 13103.0000 13016.0000 13100.0000 13023.0000 12942.0000 13150.0000 13133.0000 13120.0000 
116.0000 13035.0000 12912.0000 12839.0000 12850.0000 12969.0000 12879.0000 12884.0000 12863.0000 
116.2000 13090.0000 13091.0000 13119.0000 13040.0000 13033.0000 13111.0000 13116.0000 13088.0000 
116.4000 12975.0000 13040.0000 12817.0000 12849.0000 12906.0000 12763.0000 12940.0000 12817.0000 
116.6000 13236.0000 13123.0000 13148.0000 13019.0000 13057.0000 12935.0000 13186.0000 12926.0000 
116.8000 12991.0000 12880.0000 12844.0000 12787.0000 13006.0000 12875.0000 13002.0000 12824.0000 
117.0000 13090.0000 13046.0000 12861.0000 12975.0000 12981.0000 12988.0000 13079.0000 13053.0000 
117.2000 12880.0000 12624.0000 12841.0000 12870.0000 12809.0000 12903.0000 12880.0000 12832.0000 
117.4000 13097.0000 12964.0000 12977.0000 12889.0000 12973.0000 12914.0000 13108.0000 13080.0000 
117.6000 12957.0000 12997.0000 12998.0000 12792.0000 12871.0000 12743.0000 12926.0000 12889.0000 
117.8000 13167.0000 12897.0000 13015.0000 13012.0000 13133.0000 13020.0000 12969.0000 13055.0000 
118.0000 12927.0000 12825.0000 13037.0000 12685.0000 12838.0000 12772.0000 13030.0000 12928.0000 
118.2000 13044.0000 13006.0000 13013.0000 12898.0000 13004.0000 13022.0000 13101.0000 12949.0000 
118.4000 12948.0000 12944.0000 12827.0000 12899.0000 12831.0000 12741.0000 12848.0000 12760.0000 
118.6000 13262.0000 13129.0000 13133.0000 12928.0000 12941.0000 12999.0000 13156.0000 13150.0000 
118.8000 13161.0000 12833.0000 12939.0000 12898.0000 12975.0000 12905.0000 12903.0000 12679.0000 
119.0000 13205.0000 13092.0000 13092.0000 13033.0000 13025.0000 12878.0000 13088.0000 13125.0000 
119.2000 13143.0000 12936.0000 12835.0000 12951.0000 12916.0000 12885.0000 13068.0000 12757.0000 
119.4000 13128.0000 13018.0000 13092.0000 13009.0000 13144.0000 12931.0000 13122.0000 13021.0000 
119.6000 13007.0000 12953.0000 12950.0000 12718.0000 12944.0000 12681.0000 12928.0000 12988.0000 
119.8000 13226.0000 12973.0000 13056.0000 12981.0000 13084.0000 12966.0000 13249.0000 13242.0000 
120.0000 13048.0000 12903.0000 12845.0000 12812.0000 12801.0000 12916.0000 12872.0000 12969.0000 
120.2000 13269.0000 13091.0000 13071.0000 12899.0000 13047.0000 12927.0000 13044.0000 12984.0000 
120.4000 12943.0000 12849.0000 13014.0000 12839.0000 12886.0000 12882.0000 13037.0000 13044.0000 
120.6000 13218.0000 13140.0000 12999.0000 13045.0000 13073.0000 13039.0000 13155.0000 13003.0000 
120.8000 12966.0000 12978.0000 12873.0000 12963.0000 12929.0000 12857.0000 12918.0000 12884.0000 
121.0000 13114.0000 12938.0000 12962.0000 12954.0000 13224.0000 13088.0000 13031.0000 13001.0000 
121.2000 12858.0000 12974.0000 12807.0000 12924.0000 13087.0000 12812.0000 12807.0000 12943.0000 
121.4000 13207.0000 13079.0000 13090.0000 13082.0000 13005.0000 13149.0000 13085.0000 12970.0000 
121.6000 13094.0000 12944.0000 12933.0000 12950.0000 12958.0000 12912.0000 13150.0000 13039.0000 
121.8000 13206.0000 12942.0000 12993.0000 12940.0000 13042.0000 13125.0000 13264.0000 12960.0000 
122.0000 13157.0000 12779.0000 12834.0000 12759.0000 12848.0000 12993.0000 12943.0000 12692.0000 
122.2000 13243.0000 13012.0000 13097.0000 12890.0000 12963.0000 13009.0000 13012.0000 13056.0000 
122.4000 12994.0000 12925.0000 12816.0000 12860.0000 12883.0000 12800.0000 12955.0000 12780.0000 
122.6000 13162.0000 13108.0000 12937.0000 13005.0000 13016.0000 13197.0000 12994.0000 12975.0000 
122.8000 13001.0000 12843.0000 12847.0000 12782.0000 12760.0000 12861.0000 12920.0000 12789.0000 
123.0000 13080.0000 12966.0000 12945.0000 13186.0000 13137.0000 13006.0000 13202.0000 13140.0000 
123.2000 12993.0000 12860.0000 12886.0000 12589.0000 12956.0000 12833.0000 12862.0000 12808.0000 
123.4000 13161.0000 12995.0000 13006.0000 12953.0000 13032.0000 12941.0000 13052.0000 13069.0000 
123.6000 13040.0000 12880.0000 12972.0000 12826.0000 12972.0000 12845.0000 12821.0000 12916.0000 
123.8000 13056.0000 13163.0000 13099.0000 13072.0000 13239.0000 12989.0000 13007.0000 13145.0000 
124.0000 12959.0000 12846.0000 13001.0000 12852.0000 13108.0000 12842.0000 13012.0000 12860.0000 
124.2000 13098.0000 13144.0000 13025.0000 12955.0000 13031.0000 13052.0000 13319.0000 13012.0000 
124.4000 13043.0000 12986.0000 12680.0000 12818.0000 12946.0000 12803.0000 13053.0000 12829.0000 
124.6000 13171.0000 13152.0000 12881.0000 12994.0000 13115.0000 13126.0000 13191.0000 12939.0000 
124.8000 13056.0000 12800.0000 12683.0000 12910.0000 13037.0000 12777.0000 13058.0000 12868.0000 
125.0000 13200.0000 13055.0000 13114.0000 12919.0000 13164.0000 13057.0000 13077.0000 13060.0000 
125.2000 12856.0000 12846.0000 12980.0000 12747.0000 12839.0000 13055.0000 13006.0000 12762.0000 
125.4000 13218.0000 13111.0000 13029.0000 13085.0000 13228.0000 12950.0000 13174.0000 13116.0000 
125.6000 13134.0000 12956.0000 12797.0000 12910.0000 13021.0000 12710.0000 12844.0000 12647.0000 
125.8000 13092.0000 12939.0000 13009.0000 12987.0000 12945.0000 13173.0000 13126.0000 13044.0000 
126.0000 13000.0000 12862.0000 12929.0000 12835.0000 12890.0000 12837.0000 12912.0000 12959.0000 
126.2000 13180.0000 13127.0000 13026.0000 12979.0000 13164.0000 12944.0000 13128.0000 13211.0000 
126.4000 13033.0000 12811.0000 12900.0000 12691.0000 12913.0000 12841.0000 12904.0000 12827.0000 
126.6000 13208.0000 12911.0000 12844.0000 13088.0000 13227.0000 12917.0000 13186.0000 12980.0000 
126.8000 12988.0000 12736.0000 12755.0000 12824.0000 13155.0000 12875.0000 12954.0000 12898.0000 
127.0000 13166.0000 13061.0000 12965.0000 13089.0000 13080.0000 13125.0000 13036.0000 13085.0000 
127.2000 12935.0000 12835.0000 12901.0000 12683.0000 12906.0000 12815.0000 12872.0000 12966.0000 
127.4000 13165.0000 13091.0000 12909.0000 12898.0000 13016.0000 13089.0000 13096.0000 13174.0000 
127.6000 13007.0000 12815.0000 12774.0000 12855.0000 12986.0000 12746.0000 12855.0000 13069.0000 
127.8000 13218.0000 13151.0000 13072.0000 13106.0000 13018.0000 13055.0000 13168.0000 13084.0000 
128.0000 13099.0000 12957.0000 12918.0000 12973.0000 12971.0000 12902.0000 12919.0000 12978.0000 
128.2000 13250.0000 12958.0000 13068.0000 12887.0000 13211.0000 13042.0000 13101.0000 13038.0000 
128.4000 13018.0000 12963.0000 12821.0000 12698.0000 12910.0000 12766.0000 13017.0000 12832.0000 
128.6000 13136.0000 13050.0000 12947.0000 12831.0000 13005.0000 13019.0000 13007.0000 12927.0000 
128.8000 13132.0000 12836.0000 12929.0000 12782.0000 12956.0000 12769.0000 12955.0000 12909.0000 
129.0000 13067.0000 13102.0000 13028.0000 12909.0000 12921.0000 12897.0000 13107.0000 13102.0000 
129.2000 13098.0000 12820.0000 12678.0000 12861.0000 12750.0000 12641.0000 12836.0000 12844.0000 
129.4000 13184.0000 13087.0000 12950.0000 12931.0000 13035.0000 13050.0000 13025.0000 13167.0000 
129.6000 13004.0000 12815.0000 12755.0000 12692.0000 12939.0000 12763.0000 12899.0000 12934.0000 
129.8000 13064.0000 12934.0000 13116.0000 12996.0000 13160.0000 12931.0000 13091.0000 12931.0000 
130.0000 12966.0000 12984.0000 12946.0000 13022.0000 12895.0000 12815.0000 12824.0000 12976.0000 
130.2000 13152.0000 12971.0000 12979.0000 13095.0000 13175.0000 12881.0000 13060.0000 13040.0000 
130.4000 13111.0000 12949.0000 12939.0000 12865.0000 12871.0000 12950.0000 13017.0000 12972.0000 
130.6000 13253.0000 13012.0000 13098.0000 13009.0000 13135.0000 13119.0000 13184.0000 13071.0000 
130.8000 12948.0000 12982.0000 12887.0000 12944.0000 12881.0000 12725.0000 12928.0000 12824.0000 
131.0000 13209.0000 13149.0000 13074.0000 13026.0000 13225.0000 13006.0000 13152.0000 13083.0000 
131.2000 12867.0000 12790.0000 12900.0000 12820.0000 12899.0000 12824.0000 13029.0000 12772.0000 
131.4000 13252.0000 13013.0000 12999.0000 12995.0000 13128.0000 13010.0000 12994.0000 13118.0000 
131.6000 13001.0000 12683.0000 12684.0000 12978.0000 12865.0000 12817.0000 12873.0000 12959.0000 
131.8000 13133.0000 13002.0000 12967.0000 12984.0000 13216.0000 13012.0000 13057.0000 13160.0000 
132.0000 12923.0000 12761.0000 12718.0000 12742.0000 12868.0000 12796.0000 12973.0000 12931.0000 
132.2000 13310.0000 12912.0000 12970.0000 12925.0000 12992.0000 13099.0000 13079.0000 13003.0000 
132.4000 12850.0000 12836.0000 12871.0000 12755.0000 12947.0000 12742.0000 12894.0000 12953.0000 
132.6000 13255.0000 13158.0000 13169.0000 13068.0000 13075.0000 12964.0000 13135.0000 13163.0000 
132.8000 12927.0000 12902.0000 12927.0000 12624.0000 12923.0000 12879.0000 13021.0000 12934.0000 
133.0000 13113.0000 13246.0000 13087.0000 12926.0000 13066.0000 13063.0000 12938.0000 13091.0000 
133.2000 13156.0000 12839.0000 12756.0000 12872.0000 12806.0000 12762.0000 12992.0000 12929.0000 
133.4000 13227.0000 13145.0000 12973.0000 13090.0000 13126.0000 12989.0000 13139.0000 13069.0000 
133.6000 12872.0000 12971.0000 12803.0000 12877.0000 12809.0000 12865.0000 12884.0000 13036.0000 
133.8000 13082.0000 13070.0000 12912.0000 12917.0000 12904.0000 13127.0000 13187.0000 12975.0000 
134.0000 13080.0000 12773.0000 12768.0000 12691.0000 12897.0000 12928.0000 12839.0000 12896.0000 
134.2000 13204.0000 13195.0000 13229.0000 12935.0000 13073.0000 13000.0000 13128.0000 13152.0000 
134.4000 13155.0000 12897.0000 12848.0000 13026.0000 12896.0000 12953.0000 13064.0000 12964.0000 
134.6000 13099.0000 13096.0000 13006.0000 12827.0000 13242.0000 12918.0000 13100.0000 13046.0000 
134.8000 12892.0000 12930.0000 12922.0000 12726.0000 12873.0000 12849.0000 12956.0000 12755.0000 
135.0000 13272.0000 12981.0000 13073.0000 12958.0000 13128.0000 12795.0000 13236.0000 13080.0000 
135.2000 13012.0000 12871.0000 12838.0000 13091.0000 12857.0000 12806.0000 13211.0000 12890.0000 
135.4000 13044.0000 13122.0000 12969.0000 13086.0000 13092.0000 13083.0000 13104.0000 13146.0000 
135.6000 12985.0000 12785.0000 12973.0000 12672.0000 12872.0000 13022.0000 12942.0000 13016.0000 
135.8000 13249.0000 12887.0000 13100.0000 12912.0000 13156.0000 13028.0000 13097.0000 13235.0000 
136.0000 12927.0000 12993.0000 12848.0000 12857.0000 12813.0000 12871.0000 13043.0000 12990.0000 
136.2000 13267.0000 13035.0000 13067.0000 13172.0000 13173.0000 13209.0000 12947.0000 13156.0000 
136.4000 13049.0000 12883.0000 12719.0000 12784.0000 12964.0000 12796.0000 13009.0000 12894.0000 
136.6000 13180.0000 13107.0000 13068.0000 12896.0000 13199.0000 12924.0000 13033.0000 13160.0000 
136.8000 12845.0000 12861.0000 12933.0000 12876.0000 13034.0000 12879.0000 12912.0000 12906.0000 
137.0000 13243.0000 12975.0000 13200.0000 13050.0000 13144.0000 12961.0000 12887.0000 13135.0000 
137.2000 13008.0000 12951.0000 12841.0000 12880.0000 12891.0000 12824.0000 13080.0000 12814.0000 
137.4000 13108.0000 12994.0000 12938.0000 12956.0000 13021.0000 12958.0000 13180.0000 13029.0000 
137.6000 12948.0000 13047.0000 13009.0000 12855.0000 12822.0000 12835.0000 12938.0000 12929.0000 
137.8000 13235.0000 12999.0000 13123.0000 12996.0000 13170.0000 12869.0000 13071.0000 13104.0000 
138.0000 12992.0000 12857.0000 12868.0000 12690.0000 12998.0000 12741.0000 12879.0000 12851.0000 
138.2000 13167.0000 12996.0000 12872.0000 12876.0000 13129.0000 12860.0000 13036.0000 13060.0000 
138.4000 13072.0000 12971.0000 12881.0000 12880.0000 13006.0000 12834.0000 12944.0000 12925.0000 
138.6000 13172.0000 12830.0000 13212.0000 13005.0000 13181.0000 12860.0000 13307.0000 13124.0000 
138.8000 12919.0000 12821.0000 12814.0000 12821.0000 12773.0000 12968.0000 12873.0000 12878.0000 
139.0000 13155.0000 13121.0000 12932.0000 12837.0000 13077.0000 12987.0000 13232.0000 12936.0000 
139.2000 12967.0000 12886.0000 12899.0000 12879.0000 13014.0000 12857.0000 12960.0000 12853.0000 
139.4000 13150.0000 13080.0000 12892.0000 12942.0000 13118.0000 12974.0000 13148.0000 12828.0000 
139.6000 13064.0000 12908.0000 12875.0000 12854.0000 12957.0000 12800.0000 13190.0000 12868.0000 
139.8000 13273.0000 13114.0000 13005.0000 12891.0000 13044.0000 13031.0000 13144.0000 13038.0000 
140.0000 13176.0000 12859.0000 13021.0000 12931.0000 12934.0000 12812.0000 12928.0000 12898.0000 
140.2000 13318.0000 13009.0000 13088.0000 13034.0000 13107.0000 12889.0000 13021.0000 13047.0000 
140.4000 13048.0000 12759.0000 12932.0000 12738.0000 12830.0000 12943.0000 12916.0000 12923.0000 
140.6000 13109.0000 13009.0000 12964.0000 13184.0000 13012.0000 13067.0000 13182.0000 13108.0000 
140.8000 12997.0000 12885.0000 12841.0000 12911.0000 13027.0000 12742.0000 12980.0000 13080.0000 
141.0000 13221.0000 12896.0000 13078.0000 12934.0000 13002.0000 13072.0000 13237.0000 13304.0000 
141.2000 12939.0000 12964.0000 12868.0000 12769.0000 12893.0000 12875.0000 12860.0000 12806.0000 
141.4000 13299.0000 13080.0000 13076.0000 12943.0000 13109.0000 13068.0000 13123.0000 13079.0000 
141.6000 12839.0000 12873.0000 12593.0000 12758.0000 12888.0000 12910.0000 12938.0000 12874.0000 
141.8000 13258.0000 13019.0000 13007.0000 13091.0000 13084.0000 13011.0000 13073.0000 13157.0000 
142.0000 13030.0000 12938.0000 12817.0000 12748.0000 12808.0000 12676.0000 12855.0000 12944.0000 
142.2000 13248.0000 13106.0000 13079.0000 12942.0000 13172.0000 13174.0000 13103.0000 13095.0000 
142.4000 12989.0000 12856.0000 12843.0000 12612.0000 12940.0000 12739.0000 12909.0000 12738.0000 
142.6000 13185.0000 12842.0000 13034.0000 13157.0000 13062.0000 13166.0000 13052.0000 12837.0000 
142.8000 13024.0000 12863.0000 12890.0000 12744.0000 12793.0000 12791.0000 13080.0000 12720.0000 
143.0000 13179.0000 12963.0000 12886.0000 13020.0000 13115.0000 13140.0000 13062.0000 13139.0000 
143.2000 12963.0000 12854.0000 12655.0000 12878.0000 12793.0000 12910.0000 12868.0000 12950.0000 
143.4000 13174.0000 12963.0000 12911.0000 13025.0000 13061.0000 13035.0000 13141.0000 12934.0000 
143.6000 12957.0000 12875.0000 12825.0000 12816.0000 13018.0000 12793.0000 12832.0000 12852.0000 
143.8000 13191.0000 13060.0000 12857.0000 12798.0000 13147.0000 13155.0000 13070.0000 13042.0000 
144.0000 12988.0000 12954.0000 12840.0000 12712.0000 12807.0000 12852.0000 12898.0000 12894.0000 
144.2000 13129.0000 12955.0000 12893.0000 12931.0000 12984.0000 13071.0000 12953.0000 12917.0000 
144.4000 12947.0000 12895.0000 12863.0000 12800.0000 12919.0000 12816.0000 12909.0000 12839.0000 
144.6000 13118.0000 12969.0000 13126.0000 12922.0000 13164.0000 13108.0000 13098.0000 13040.0000 
144.8000 13117.0000 13027.0000 12847.0000 12784.0000 13040.0000 12875.0000 13028.0000 12951.0000 
145.0000 13125.0000 13104.0000 13067.0000 12842.0000 13099.0000 13068.0000 13208.0000 12988.0000 
145.2000 12987.0000 12934.0000 12900.0000 12890.0000 13010.0000 12975.0000 13036.0000 12685.0000 
145.4000 13197.0000 13226.0000 13024.0000 13025.0000 13183.0000 12990.0000 13161.0000 13030.0000 
145.6000 12996.0000 12772.0000 12853.0000 12806.0000 12859.0000 12729.0000 12868.0000 12759.0000 
145.8000 13243.0000 13072.0000 13033.0000 13055.0000 13178.0000 13158.0000 12966.0000 13106.0000 
146.0000 13132.0000 12828.0000 12821.0000 12872.0000 12991.0000 12690.0000 12957.0000 12830.0000 
146.2000 13147.0000 13006.0000 13011.0000 13140.0000 13068.0000 12931.0000 13151.0000 13207.0000 
146.4000 12953.0000 12981.0000 12821.0000 13036.0000 12933.0000 12951.0000 12968.0000 12972.0000 
146.6000 13181.0000 13104.0000 13022.0000 13133.0000 13194.0000 12990.0000 13160.0000 12974.0000 
146.8000 13100.0000 12918.0000 12871.0000 12763.0000 13001.0000 12893.0000 12768.0000 12916.0000 
147.0000 13086.0000 13184.0000 13032.0000 13223.0000 13131.0000 13053.0000 13153.0000 13027.0000 
147.2000 13076.0000 12927.0000 13011.0000 13018.0000 13044.0000 12844.0000 13040.0000 12869.0000 
147.4000 13009.0000 12984.0000 12834.0000 13020.0000 13022.0000 13031.0000 13179.0000 13017.0000 
147.6000 12916.0000 12861.0000 12873.0000 12796.0000 12755.0000 12859.0000 12970.0000 12795.0000 
147.8000 13051.0000 13006.0000 13053.0000 12982.0000 12998.0000 13103.0000 13229.0000 13061.0000 
148.0000 13128.0000 12771.0000 12776.0000 12916.0000 12932.0000 12831.0000 12948.0000 12854.0000 
148.2000 13307.0000 12916.0000 13081.0000 12993.0000 13180.0000 13003.0000 13124.0000 13206.0000 
148.4000 13051.0000 12686.0000 12934.0000 12768.0000 12867.0000 12743.0000 12966.0000 12792.0000 
148.6000 13180.0000 13114.0000 13139.0000 12951.0000 12948.0000 13078.0000 13188.0000 13059.0000 
148.8000 13050.0000 12890.0000 12910.0000 12822.0000 12884.0000 12774.0000 12957.0000 12975.0000 
149.0000 13198.0000 13093.0000 12965.0000 12975.0000 13099.0000 12930.0000 13206.0000 12967.0000 
149.2000 13036.0000 12705.0000 12724.0000 12900.0000 12844.0000 12747.0000 13022.0000 12954.0000 
149.4000 13013.0000 13009.0000 12922.0000 12946.0000 12808.0000 13105.0000 12994.0000 13034.0000 
149.6000 13035.0000 12908.0000 12907.0000 12756.0000 12930.0000 12781.0000 12901.0000 12911.0000 
149.8000 13123.0000 12967.0000 13030.0000 13008.0000 12968.0000 12829.0000 13084.0000 13064.0000 
150.0000 12952.0000 12921.0000 12796.0000 12719.0000 12881.0000 12737.0000 13014.0000 12855.0000 
150.2000 13113.0000 13092.0000 13032.0000 13117.0000 13089.0000 13129.0000 13257.0000 12936.0000 
150.4000 12983.0000 12908.0000 12756.0000 12748.0000 12870.0000 12919.0000 13034.0000 12787.0000 
150.6000 13207.0000 13172.0000 13072.0000 12914.0000 12916.0000 12824.0000 12855.0000 12975.0000 
150.8000 12784.0000 12786.0000 12911.0000 12834.0000 13002.0000 12798.0000 13058.0000 12794.0000 
151.0000 13089.0000 13046.0000 12988.0000 12987.0000 13101.0000 12915.0000 13099.0000 13039.0000 
151.2000 12972.0000 12755.0000 12885.0000 12825.0000 12934.0000 12832.0000 12969.0000 12864.0000 
151.4000 13052.0000 13052.0000 13088.0000 13090.0000 13067.0000 13001.0000 13215.0000 13156.0000 
151.6000 12896.0000 12849.0000 12737.0000 12750.0000 13002.0000 12888.0000 12871.0000 13057.0000 
151.8000 13293.0000 13097.0000 12984.0000 12987.0000 13192.0000 12973.0000 13189.0000 13200.0000 
152.0000 12943.0000 12854.0000 12779.0000 12767.0000 13058.0000 12977.0000 12935.0000 13048.0000 
152.2000 13140.0000 13103.0000 12951.0000 12938.0000 12974.0000 12890.0000 13209.0000 13193.0000 
152.4000 12993.0000 12814.0000 12747.0000 12885.0000 12842.0000 12860.0000 12891.0000 12763.0000 
152.6000 12950.0000 12947.0000 13064.0000 13044.0000 13045.0000 13052.0000 13252.0000 13154.0000 
152.8000 12939.0000 12701.0000 12823.0000 12907.0000 13015.0000 12871.0000 12993.0000 12834.0000 
153.0000 13074.0000 13227.0000 13195.0000 13024.0000 13014.0000 12991.0000 13259.0000 13250.0000 
153.2000 12960.0000 12911.0000 12841.0000 12790.0000 12954.0000 12876.0000 12715.0000 12850.0000 
153.4000 13233.0000 12929.0000 13031.0000 12948.0000 13098.0000 13007.0000 13174.0000 13227.0000 
153.6000 12980.0000 12816.0000 12891.0000 12954.0000 13055.0000 12963.0000 13083.0000 12777.0000 
153.8000 13140.0000 13156.0000 13147.0000 12810.0000 13038.0000 13073.0000 13164.0000 13074.0000 
154.0000 12854.0000 12729.0000 12914.0000 12854.0000 13069.0000 12935.0000 13014.0000 12868.0000 
154.2000 13181.0000 13122.0000 12836.0000 12944.0000 13219.0000 12933.0000 13254.0000 12917.0000 
154.4000 12995.0000 12897.0000 13048.0000 12932.0000 13063.0000 12881.0000 12945.0000 12912.0000 
154.6000 13138.0000 13062.0000 13036.0000 12996.0000 13011.0000 13122.0000 12983.0000 13112.0000 
154.8000 12892.0000 12886.0000 12651.0000 12681.0000 12802.0000 12726.0000 12910.0000 12846.0000 
155.0000 13090.0000 13098.0000 12959.0000 12984.0000 13031.0000 13028.0000 12997.0000 13115.0000 
155.2000 12952.0000 12836.0000 12862.0000 12885.0000 12901.0000 12805.0000 13102.0000 12810.0000 
155.4000 13118.0000 13032.0000 13090.0000 13023.0000 12826.0000 12985.0000 13029.0000 13163.0000 
155.6000 12906.0000 12764.0000 12815.0000 12918.0000 12879.0000 12790.0000 12727.0000 12854.0000 
155.8000 13229.0000 13010.0000 13090.0000 12992.0000 13013.0000 12979.0000 13190.0000 13059.0000 
156.0000 12968.0000 12819.0000 12866.0000 12715.0000 12914.0000 12761.0000 12829.0000 13120.0000 
156.2000 13175.0000 13060.0000 13026.0000 13090.0000 13077.0000 13014.0000 13119.0000 13164.0000 
156.4000 12994.0000 12812.0000 12937.0000 12821.0000 12646.0000 12733.0000 12840.0000 12777.0000 
156.6000 13232.0000 12909.0000 13017.0000 12911.0000 13042.0000 12959.0000 13250.0000 13091.0000 
156.8000 12911.0000 12828.0000 12799.0000 12782.0000 12824.0000 12927.0000 12845.0000 13004.0000 
157.0000 13169.0000 13010.0000 12773.0000 13214.0000 13030.0000 13036.0000 13122.0000 13097.0000 
157.2000 13011.0000 12891.0000 13032.0000 12793.0000 12954.0000 12828.0000 12878.0000 12838.0000 
157.4000 13048.0000 13025.0000 13020.0000 12985.0000 13167.0000 12956.0000 13228.0000 13086.0000 
157.6000 13034.0000 12852.0000 12807.0000 12856.0000 13103.0000 12862.0000 13030.0000 12971.0000 
157.8000 13086.0000 12937.0000 13063.0000 13094.0000 13006.0000 12965.0000 13212.0000 12963.0000 
158.0000 13033.0000 12773.0000 12817.0000 12754.0000 12972.0000 12770.0000 12916.0000 12963.0000 
158.2000 13085.0000 12943.0000 13127.0000 12930.0000 13076.0000 13047.0000 13124.0000 13041.0000 
158.4000 12888.0000 12913.0000 12812.0000 12885.0000 12852.0000 12929.0000 12968.0000 12817.0000 
158.6000 13016.0000 13090.0000 13077.0000 12937.0000 13210.0000 13029.0000 13113.0000 13075.0000 
158.8000 12926.0000 12950.0000 12865.0000 12917.0000 12983.0000 12804.0000 13144.0000 12841.0000 
159.0000 13017.0000 13008.0000 12940.0000 12938.0000 13094.0000 12923.0000 13120.0000 13092.0000 
159.2000 12866.0000 12903.0000 12875.0000 12617.0000 12815.0000 12816.0000 12817.0000 13026.0000 
159.4000 12969.0000 12988.0000 13164.0000 12848.0000 12991.0000 13063.0000 13106.0000 12962.0000 
159.6000 13024.0000 12865.0000 12801.0000 12789.0000 12887.0000 12831.0000 12846.0000 12923.0000 
159.8000 13319.0000 12928.0000 13113.0000 12927.0000 12947.0000 13175.0000 13267.0000 13110.0000 
160.0000 13122.0000 12886.0000 12950.0000 12994.0000 13226.0000 12933.0000 13077.0000 12956.0000 
160.2000 13245.0000 13009.0000 13122.0000 13056.0000 13185.0000 13148.0000 13196.0000 12995.0000 
160.4000 13133.0000 12935.0000 12773.0000 12799.0000 12989.0000 12793.0000 12989.0000 12933.0000 
160.6000 13179.0000 13086.0000 13148.0000 13032.0000 12995.0000 13006.0000 13200.0000 13131.0000 
160.8000 13001.0000 12955.0000 12924.0000 12899.0000 12982.0000 12850.0000 13132.0000 12882.0000 
161.0000 13282.0000 12972.0000 13041.0000 12949.0000 13039.0000 13116.0000 13251.0000 12976.0000 
161.2000 13044.0000 12815.0000 12757.0000 12865.0000 12854.0000 12739.0000 12960.0000 12893.0000 
161.4000 13113.0000 13082.0000 13130.0000 13104.0000 13081.0000 13008.0000 13178.0000 12890.0000 
161.6000 13012.0000 12786.0000 12936.0000 12747.0000 12929.0000 12750.0000 12836.0000 12867.0000 
161.8000 13102.0000 13157.0000 12994.0000 12926.0000 13013.0000 12860.0000 13099.0000 13121.0000 
162.0000 12976.0000 12839.0000 12871.0000 12863.0000 12832.0000 12792.0000 12972.0000 12775.0000 
162.2000 13196.0000 13008.0000 13135.0000 13060.0000 13099.0000 13106.0000 12995.0000 13168.0000 
162.4000 12977.0000 12806.0000 12788.0000 12881.0000 12820.0000 12935.0000 12914.0000 12847.0000 
162.6000 13040.0000 13050.0000 12971.0000 12975.0000 12895.0000 12937.0000 13105.0000 13149.0000 
162.8000 13033.0000 12958.0000 12746.0000 12810.0000 12860.0000 12654.0000 13041.0000 12928.0000 
163.0000 13052.0000 13145.0000 12982.0000 12973.0000 12946.0000 12927.0000 13224.0000 13211.0000 
163.2000 12995.0000 12829.0000 12707.0000 12871.0000 12915.0000 12848.0000 12954.0000 12837.0000 
163.4000 13117.0000 12883.0000 12999.0000 12850.0000 12954.0000 12818.0000 13041.0000 13078.0000 
163.6000 13075.0000 12952.0000 12812.0000 12659.0000 12951.0000 12779.0000 12755.0000 12900.0000 
163.8000 13171.0000 13037.0000 13016.0000 13177.0000 13090.0000 12862.0000 13123.0000 13057.0000 
164.0000 12885.0000 12801.0000 12829.0000 12974.0000 12891.0000 12784.0000 13086.0000 12803.0000 
164.2000 13145.0000 13055.0000 12966.0000 13158.0000 13073.0000 12936.0000 13051.0000 13041.0000 
164.4000 12909.0000 12847.0000 12819.0000 12766.0000 12893.0000 12664.0000 12886.0000 12774.0000 
164.6000 13014.0000 13093.0000 13076.0000 13032.0000 13135.0000 13031.0000 13200.0000 12977.0000 
164.8000 12821.0000 12931.0000 12903.0000 12826.0000 12959.0000 12941.0000 12900.0000 12920.0000 
165.0000 13113.0000 12946.0000 13057.0000 12952.0000 13307.0000 12897.0000 13077.0000 12953.0000 
165.2000 13084.0000 12845.0000 12940.0000 12821.0000 12735.0000 12772.0000 12864.0000 12784.0000 
165.4000 13027.0000 12955.0000 12984.0000 12980.0000 13044.0000 12985.0000 13196.0000 13258.0000 
165.6000 12922.0000 12860.0000 12914.0000 12646.0000 12682.0000 12743.0000 12880.0000 12928.0000 
165.8000 13058.0000 13060.0000 13068.0000 12839.0000 13054.0000 13035.0000 13149.0000 13027.0000 
166.0000 13057.0000 12897.0000 12819.0000 12848.0000 13003.0000 12944.0000 12925.0000 12818.0000 
166.2000 13098.0000 13045.0000 13125.0000 13112.0000 13158.0000 12958.0000 13248.0000 13105.0000 
166.4000 13099.0000 13071.0000 12779.0000 12855.0000 13063.0000 12984.0000 12998.0000 12969.0000 
166.6000 13239.0000 12957.0000 13032.0000 13054.0000 13105.0000 12851.0000 13050.0000 13118.0000 
166.8000 12987.0000 12965.0000 12949.0000 12723.0000 12903.0000 12738.0000 13084.0000 12844.0000 
167.0000 13331.0000 13081.0000 12995.0000 12826.0000 13243.0000 13064.0000 13076.0000 13240.0000 
167.2000 13049.0000 12795.0000 12879.0000 12783.0000 12891.0000 12783.0000 12819.0000 12786.0000 
167.4000 13113.0000 12960.0000 13048.0000 12928.0000 13125.0000 12896.0000 13099.0000 13120.0000 
167.6000 12963.0000 12886.0000 12725.0000 12938.0000 12898.0000 12859.0000 13004.0000 12892.0000 
167.8000 13040.0000 12909.0000 13052.0000 13048.0000 12942.0000 12926.0000 13096.0000 12998.0000 
168.0000 13031.0000 12998.0000 12796.0000 12939.0000 12923.0000 12966.0000 12881.0000 12874.0000 
168.2000 13061.0000 12930.0000 12968.0000 12969.0000 13095.0000 13027.0000 13062.0000 13066.0000 
168.4000 12994.0000 12819.0000 12735.0000 12797.0000 12847.0000 12858.0000 12948.0000 13093.0000 
168.6000 13081.0000 13178.0000 12984.0000 12917.0000 13171.0000 13046.0000 13133.0000 12949.0000 
168.8000 13122.0000 12811.0000 12649.0000 12922.0000 12908.0000 12804.0000 12904.0000 12944.0000 
169.0000 13255.0000 12905.0000 12907.0000 12880.0000 12987.0000 13069.0000 13250.0000 13046.0000 
169.2000 13031.0000 12763.0000 12857.0000 12726.0000 12775.0000 12867.0000 12919.0000 12787.0000 
169.4000 13095.0000 13153.0000 13151.0000 12990.0000 13155.0000 13165.0000 13090.0000 13114.0000 
169.6000 12921.0000 12742.0000 12879.0000 12733.0000 13055.0000 12933.0000 12736.0000 12951.0000 
169.8000 13033.0000 12893.0000 13017.0000 12968.0000 13060.0000 13127.0000 13117.0000 13187.0000 
170.0000 12971.0000 12957.0000 12755.0000 12675.0000 12866.0000 12802.0000 12899.0000 12915.0000 
170.2000 13199.0000 13118.0000 13051.0000 12929.0000 13173.0000 13104.0000 13139.0000 13038.0000 
170.4000 12999.0000 12756.0000 13001.0000 12888.0000 13010.0000 12967.0000 12876.0000 12820.0000 
170.6000 13103.0000 13000.0000 13066.0000 13075.0000 13119.0000 13217.0000 13235.0000 13047.0000 
170.8000 13079.0000 12699.0000 12768.0000 12854.0000 12890.0000 12810.0000 12978.0000 12836.0000 
171.0000 13065.0000 13089.0000 13027.0000 12989.0000 13110.0000 12917.0000 13137.0000 12977.0000 
171.2000 13119.0000 12844.0000 12893.0000 12758.0000 12968.0000 12878.0000 12978.0000 12948.0000 
171.4000 13281.0000 13077.0000 13049.0000 12930.0000 13074.0000 12978.0000 13212.0000 13036.0000 
171.6000 12968.0000 12927.0000 12759.0000 12700.0000 12764.0000 12843.0000 12898.0000 12852.0000 
171.8000 13141.0000 12947.0000 12973.0000 12902.0000 13105.0000 13015.0000 13214.0000 13120.0000 
172.0000 13003.0000 12928.0000 12706.0000 12799.0000 12942.0000 12888.0000 12922.0000 12947.0000 
172.2000 13117.0000 13119.0000 13081.0000 12894.0000 13013.0000 12992.0000 13036.0000 13106.0000 
172.4000 12992.0000 12917.0000 12768.0000 12815.0000 12947.0000 12800.0000 13186.0000 12955.0000 
172.6000 13248.0000 13268.0000 12976.0000 13155.0000 13232.0000 13020.0000 13203.0000 13072.0000 
172.8000 13055.0000 12899.0000 12918.0000 12949.0000 12790.0000 12977.0000 13007.0000 12987.0000 
173.0000 13124.0000 12970.0000 13048.0000 13020.0000 13038.0000 12985.0000 12890.0000 13247.0000 
173.2000 13191.0000 12844.0000 12733.0000 12700.0000 12886.0000 12860.0000 12882.0000 12948.0000 
173.4000 13196.0000 12983.0000 13092.0000 13023.0000 13199.0000 13164.0000 13210.0000 12971.0000 
173.6000 13103.0000 12822.0000 12822.0000 12838.0000 12764.0000 12967.0000 12800.0000 12844.0000 
173.8000 13189.0000 13007.0000 13080.0000 12985.0000 13141.0000 13078.0000 13263.0000 13220.0000 
174.0000 12956.0000 12960.0000 12691.0000 12717.0000 12806.0000 12930.0000 13011.0000 12798.0000 
174.2000 13223.0000 12970.0000 13126.0000 13120.0000 13077.0000 12967.0000 13225.0000 13136.0000 
174.4000 12781.0000 12895.0000 12838.0000 12917.0000 12839.0000 12852.0000 12870.0000 12974.0000 
174.6000 13187.0000 13072.0000 12907.0000 12893.0000 13174.0000 12977.0000 13170.0000 13175.0000 
174.8000 13083.0000 12726.0000 12849.0000 12854.0000 12920.0000 12888.0000 12904.0000 12964.0000 
175.0000 13050.0000 13102.0000 13131.0000 13185.0000 13036.0000 12967.0000 13045.0000 12993.0000 
175.2000 12925.0000 12825.0000 12897.0000 12771.0000 13002.0000 12817.0000 12914.0000 12899.0000 
175.4000 13090.0000 13091.0000 13020.0000 12912.0000 12977.0000 12930.0000 13046.0000 13070.0000 
175.6000 13055.0000 12735.0000 12960.0000 12815.0000 12784.0000 12873.0000 12884.0000 12748.0000 
175.8000 13130.0000 12991.0000 12948.0000 13011.0000 12966.0000 12863.0000 13124.0000 13039.0000 
176.0000 13138.0000 12855.0000 12992.0000 12789.0000 12938.0000 12856.0000 12879.0000 12802.0000 
176.2000 12971.0000 13090.0000 12975.0000 12951.0000 13023.0000 12958.0000 13232.0000 13038.0000 
176.4000 13109.0000 12776.0000 12947.0000 12869.0000 12814.0000 12815.0000 12970.0000 12859.0000 
176.6000 13104.0000 13072.0000 13016.0000 13011.0000 13016.0000 13015.0000 13211.0000 12929.0000 
176.8000 13084.0000 12851.0000 12747.0000 12782.0000 12902.0000 12867.0000 12849.0000 12893.0000 
177.0000 13255.0000 12852.0000 12918.0000 13110.0000 13031.0000 12998.0000 13196.0000 12965.0000 
177.2000 13157.0000 12978.0000 12912.0000 12848.0000 12906.0000 12798.0000 12916.0000 12849.0000 
177.4000 13232.0000 13113.0000 12981.0000 12963.0000 13095.0000 12960.0000 13092.0000 13049.0000 
177.6000 13003.0000 12811.0000 12966.0000 12744.0000 12839.0000 12715.0000 13022.0000 12878.0000 
177.8000 13154.0000 13128.0000 12975.0000 13063.0000 13153.0000 12836.0000 13204.0000 13036.0000 
178.0000 13076.0000 12866.0000 12879.0000 12735.0000 12915.0000 12763.0000 12867.0000 12849.0000 
178.2000 13141.0000 12956.0000 13018.0000 12986.0000 13201.0000 13033.0000 13184.0000 13134.0000 
178.4000 13060.0000 12968.0000 12839.0000 12746.0000 13009.0000 12888.0000 12973.0000 12817.0000 
178.6000 13157.0000 13069.0000 12932.0000 12947.0000 12990.0000 13155.0000 13057.0000 13011.0000 
178.8000 12945.0000 12978.0000 12859.0000 12951.0000 13005.0000 12716.0000 12941.0000 12790.0000 
179.0000 13227.0000 13056.0000 13159.0000 13117.0000 13091.0000 13131.0000 13237.0000 13130.0000 
179.2000 13124.0000 12774.0000 12899.0000 12840.0000 12869.0000 12906.0000 13024.0000 13033.0000 
179.4000 12992.0000 13167.0000 12943.0000 12914.0000 13024.0000 13051.0000 13078.0000 13019.0000 
179.6000 12849.0000 12862.0000 12839.0000 12695.0000 12886.0000 12868.0000 12970.0000 12780.0000 
179.8000 13125.0000 13018.0000 13040.0000 13091.0000 13086.0000 12928.0000 13029.0000 13074.0000 
180.0000 13029.0000 12889.0000 12823.0000 12859.0000 13035.0000 12838.0000 12991.0000 13025.0000 
180.2000 13189.0000 13041.0000 13051.0000 13044.0000 13184.0000 13023.0000 13227.0000 13162.0000 
180.4000 13139.0000 12932.0000 12774.0000 12706.0000 12886.0000 12943.0000 12793.0000 12729.0000 
180.6000 13244.0000 12949.0000 13040.0000 12992.0000 13201.0000 12974.0000 13081.0000 13016.0000 
180.8000 12987.0000 12679.0000 12851.0000 12795.0000 12916.0000 12697.0000 13009.0000 12984.0000 
181.0000 13189.0000 13124.0000 13085.0000 13045.0000 13031.0000 12834.0000 13022.0000 13106.0000 
181.2000 12969.0000 12827.0000 12841.0000 12808.0000 13009.0000 12771.0000 13025.0000 12910.0000 
181.4000 13090.0000 13184.0000 12996.0000 13042.0000 13147.0000 13179.0000 13286.0000 13107.0000 
181.6000 13125.0000 12815.0000 12780.0000 13066.0000 12859.0000 12782.0000 13108.0000 12795.0000 
181.8000 13107.0000 13063.0000 12910.0000 13033.0000 13059.0000 13056.0000 13105.0000 13062.0000 
182.0000 13044.0000 12833.0000 12823.0000 12788.0000 12963.0000 12798.0000 12914.0000 12887.0000 
182.2000 13073.0000 12942.0000 13090.0000 12993.0000 12903.0000 12859.0000 13069.0000 12972.0000 
182.4000 13116.0000 12802.0000 12839.0000 12964.0000 12943.0000 12730.0000 12934.0000 12865.0000 
182.6000 13140.0000 13116.0000 12922.0000 12777.0000 13003.0000 12991.0000 13048.0000 13080.0000 
182.8000 13228.0000 12964.0000 12912.0000 13126.0000 12962.0000 12897.0000 13096.0000 12935.0000 
183.0000 13424.0000 13267.0000 13251.0000 13223.0000 13323.0000 13242.0000 13329.0000 13339.0000 
183.2000 13319.0000 13116.0000 12999.0000 13122.0000 13234.0000 12979.0000 13303.0000 13048.0000 
183.4000 13396.0000 13153.0000 13258.0000 13303.0000 13315.0000 13339.0000 13388.0000 13469.0000 
183.6000 13215.0000 13092.0000 13025.0000 12869.0000 13184.0000 13051.0000 13168.0000 13248.0000 
183.8000 13465.0000 13285.0000 13283.0000 13402.0000 13389.0000 13328.0000 13391.0000 13345.0000 
184.0000 13062.0000 13000.0000 12877.0000 12756.0000 12901.0000 12903.0000 12897.0000 12865.0000 
184.2000 13170.0000 12857.0000 12982.0000 12874.0000 13024.0000 13072.0000 13240.0000 13080.0000 
184.4000 13066.0000 12710.0000 12828.0000 12912.0000 12885.0000 12912.0000 12746.0000 12915.0000 
184.6000 13344.0000 13138.0000 12904.0000 13204.0000 13158.0000 13058.0000 13118.0000 13141.0000 
184.8000 13009.0000 12919.0000 13016.0000 12798.0000 13012.0000 12848.0000 12855.0000 13036.0000 
185.0000 13195.0000 13067.0000 13097.0000 13060.0000 13218.0000 13048.0000 13136.0000 13208.0000 
185.2000 13045.0000 12942.0000 12837.0000 12888.0000 12973.0000 12652.0000 12989.0000 12974.0000 
185.4000 13144.0000 13101.0000 13105.0000 13062.0000 13099.0000 13105.0000 13211.0000 13253.0000 
185.6000 13317.0000 13323.0000 13022.0000 12976.0000 13111.0000 13218.0000 13143.0000 13125.0000 
185.8000 13096.0000 13210.0000 13095.0000 13180.0000 13224.0000 13030.0000 13148.0000 13135.0000 
186.0000 13253.0000 13123.0000 13108.0000 13129.0000 13126.0000 13045.0000 13231.0000 13241.0000 
186.2000 13187.0000 13187.0000 13036.0000 12999.0000 13224.0000 13017.0000 13247.0000 13178.0000 
186.4000 13215.0000 13139.0000 12985.0000 12936.0000 13166.0000 13117.0000 13148.0000 13004.0000 
186.6000 13254.0000 12930.0000 13126.0000 13097.0000 13257.0000 13059.0000 13069.0000 13167.0000 
186.8000 13121.0000 13078.0000 13091.0000 13001.0000 13194.0000 13015.0000 12995.0000 13089.0000 
187.0000 13202.0000 13127.0000 13168.0000 12991.0000 13301.0000 13022.0000 13084.0000 13115.0000 
187.2000 13284.0000 13036.0000 13146.0000 13087.0000 13079.0000 13018.0000 13225.0000 13065.0000 
187.4000 13296.0000 13002.0000 13105.0000 13029.0000 13158.0000 13120.0000 13240.0000 13033.0000 
187.6000 13262.0000 13116.0000 13134.0000 13033.0000 13139.0000 13157.0000 13220.0000 13167.0000 
187.8000 13115.0000 13094.0000 13021.0000 13076.0000 13200.0000 13097.0000 13316.0000 13220.0000 
188.0000 13240.0000 13095.0000 13096.0000 13070.0000 13143.0000 13075.0000 13077.0000 13025.0000 
188.2000 13149.0000 13066.0000 12997.0000 13092.0000 13177.0000 12992.0000 13075.0000 13219.0000 
188.4000 13252.0000 13075.0000 13031.0000 12836.0000 13173.0000 13130.0000 13176.0000 13058.0000 
188.6000 13266.0000 13109.0000 13000.0000 12963.0000 13131.0000 13068.0000 13148.0000 13074.0000 
188.8000 13227.0000 13202.0000 13080.0000 12943.0000 13028.0000 12983.0000 13181.0000 13125.0000 
189.0000 13176.0000 13129.0000 13086.0000 12956.0000 13235.0000 13040.0000 13091.0000 13001.0000 
189.2000 13212.0000 13080.0000 13122.0000 13053.0000 13237.0000 12816.0000 13209.0000 13113.0000 
189.4000 13243.0000 13112.0000 13104.0000 13088.0000 13060.0000 13123.0000 13157.0000 13071.0000 
189.6000 13217.0000 13055.0000 13238.0000 12995.0000 13010.0000 12881.0000 13209.0000 13099.0000 
189.8000 13302.0000 12991.0000 13143.0000 12980.0000 13065.0000 13090.0000 13091.0000 12981.0000 
190.0000 13158.0000 13193.0000 13175.0000 12903.0000 13116.0000 12972.0000 13168.0000 13192.0000 
190.2000 13352.0000 13094.0000 13006.0000 12978.0000 13085.0000 13026.0000 13239.0000 13091.0000 
190.4000 13209.0000 13008.0000 13119.0000 12981.0000 13215.0000 13091.0000 13180.0000 13048.0000 
190.6000 13077.0000 12998.0000 13100.0000 13060.0000 12997.0000 13013.0000 13187.0000 13128.0000 
190.8000 13199.0000 13245.0000 13045.0000 13089.0000 13012.0000 13085.0000 13042.0000 13117.0000 
191.0000 13108.0000 13042.0000 13098.0000 13045.0000 13145.0000 12940.0000 13013.0000 13190.0000 
191.2000 13205.0000 13089.0000 13011.0000 12994.0000 12923.0000 13013.0000 13142.0000 13103.0000 
191.4000 13406.0000 12952.0000 13000.0000 12957.0000 13080.0000 12961.0000 13130.0000 13304.0000 
191.6000 13216.0000 13238.0000 13066.0000 13047.0000 13190.0000 12991.0000 13226.0000 12999.0000 
191.8000 13158.0000 13142.0000 13214.0000 12962.0000 12978.0000 12970.0000 13171.0000 13096.0000 
192.0000 13275.0000 12942.0000 13031.0000 12916.0000 13216.0000 13075.0000 13177.0000 13291.0000 
192.2000 13170.0000 13018.0000 13102.0000 12874.0000 13149.0000 13218.0000 13216.0000 13085.0000 
192.4000 13319.0000 13121.0000 13118.0000 13108.0000 13221.0000 13142.0000 13012.0000 13136.0000 
192.6000 13313.0000 13031.0000 12921.0000 12885.0000 13095.0000 13105.0000 13232.0000 13220.0000 
192.8000 13281.0000 12992.0000 13035.0000 12915.0000 12914.0000 13141.0000 13305.0000 13024.0000 
193.0000 13347.0000 13035.0000 12981.0000 13129.0000 13035.0000 13115.0000 13231.0000 13030.0000 
193.2000 13291.0000 12997.0000 13181.0000 12967.0000 13116.0000 13135.0000 13229.0000 13040.0000 
193.4000 13173.0000 12958.0000 13060.0000 13205.0000 12916.0000 12948.0000 13237.0000 13212.0000 
193.6000 13267.0000 13071.0000 13143.0000 12945.0000 13006.0000 12996.0000 13219.0000 13163.0000 
193.8000 13178.0000 13072.0000 13074.0000 12979.0000 13087.0000 12967.0000 13067.0000 13105.0000 
194.0000 13418.0000 13099.0000 13165.0000 13060.0000 13159.0000 13092.0000 13133.0000 13104.0000 
194.2000 13423.0000 12978.0000 13171.0000 13042.0000 13147.0000 12995.0000 13225.0000 13195.0000 
194.4000 13211.0000 13098.0000 13192.0000 13061.0000 13047.0000 12961.0000 13073.0000 13186.0000 
194.6000 13211.0000 13221.0000 12849.0000 12912.0000 12963.0000 12981.0000 13012.0000 13211.0000 
194.8000 13191.0000 13046.0000 13135.0000 13095.0000 13038.0000 13073.0000 13224.0000 13175.0000 
195.0000 13232.0000 13080.0000 13085.0000 12913.0000 13011.0000 13193.0000 13225.0000 13193.0000 
195.2000 13364.0000 13055.0000 13276.0000 12952.0000 13132.0000 13181.0000 13077.0000 13092.0000 
195.4000 13296.0000 13191.0000 13225.0000 13101.0000 13009.0000 13090.0000 13181.0000 13037.0000 
195.6000 13157.0000 13039.0000 13108.0000 13008.0000 13195.0000 13088.0000 13100.0000 13198.0000 
195.8000 13036.0000 13022.0000 12898.0000 13020.0000 13182.0000 13176.0000 12904.0000 13223.0000 
196.0000 13100.0000 13060.0000 13072.0000 13098.0000 12987.0000 13003.0000 13260.0000 13100.0000 
196.2000 13079.0000 12960.0000 13021.0000 13166.0000 13049.0000 12933.0000 13166.0000 13068.0000 
196.4000 13298.0000 12995.0000 13191.0000 13023.0000 13116.0000 13103.0000 13129.0000 13202.0000 
196.6000 13126.0000 13034.0000 13072.0000 12974.0000 13050.0000 13140.0000 13162.0000 13101.0000 
196.8000 13121.0000 13033.0000 13104.0000 12920.0000 13143.0000 13080.0000 13235.0000 13201.0000 
197.0000 13147.0000 13092.0000 13033.0000 12901.0000 13117.0000 13083.0000 13360.0000 13065.0000 
197.2000 13149.0000 13098.0000 13123.0000 12975.0000 13252.0000 13000.0000 13242.0000 13177.0000 
197.4000 13201.0000 13090.0000 12913.0000 13146.0000 13238.0000 12983.0000 13154.0000 12878.0000 
197.6000 13140.0000 13178.0000 13092.0000 12885.0000 13063.0000 12895.0000 13200.0000 13098.0000 
197.8000 13179.0000 13042.0000 13086.0000 13019.0000 13159.0000 13001.0000 13037.0000 13196.0000 
198.0000 13463.0000 13235.0000 13096.0000 13140.0000 13094.0000 12978.0000 13220.0000 13062.0000 
198.2000 13314.0000 12946.0000 13081.0000 13129.0000 13084.0000 12992.0000 13158.0000 13131.0000 
198.4000 13281.0000 13263.0000 12971.0000 12915.0000 13209.0000 13090.0000 13099.0000 13075.0000 
198.6000 13254.0000 12847.0000 13035.0000 12905.0000 13124.0000 13055.0000 13138.0000 13244.0000 
198.8000 13158.0000 13040.0000 13196.0000 13040.0000 13187.0000 13179.0000 13036.0000 13157.0000 
199.0000 13399.0000 13055.0000 13083.0000 13202.0000 13143.0000 13024.0000 13025.0000 13030.0000 
199.2000 13295.0000 13080.0000 12934.0000 13041.0000 13223.0000 12945.0000 13163.0000 12936.0000 
199.4000 13215.0000 13140.0000 13088.0000 13165.0000 13249.0000 13203.0000 13299.0000 13354.0000 
199.6000 13309.0000 13143.0000 13085.0000 13066.0000 13078.0000 13079.0000 13127.0000 13186.0000 
199.8000 13414.0000 13227.0000 12854.0000 13075.0000 13206.0000 12851.0000 13236.0000 13146.0000 
200.0000 13189.0000 13173.0000 13003.0000 13095.0000 13158.0000 13219.0000 13098.0000 13300.0000 
200.2000 13343.0000 13137.0000 13058.0000 12851.0000 13176.0000 13036.0000 13195.0000 13179.0000 
200.4000 13321.0000 13217.0000 13071.0000 13121.0000 13263.0000 13165.0000 13136.0000 13053.0000 
200.6000 13161.0000 13071.0000 13073.0000 13074.0000 13255.0000 13103.0000 13192.0000 13107.0000 
200.8000 13158.0000 13152.0000 13277.0000 13166.0000 13174.0000 13021.0000 13105.0000 13239.0000 
201.0000 13172.0000 13127.0000 13086.0000 13018.0000 13119.0000 13025.0000 13068.0000 13125.0000 
201.2000 13226.0000 13273.0000 12995.0000 13138.0000 13118.0000 12930.0000 13046.0000 12986.0000 
201.4000 13113.0000 13031.0000 13002.0000 13067.0000 13194.0000 13135.0000 12998.0000 13115.0000 
201.6000 13195.0000 13141.0000 13011.0000 13085.0000 13032.0000 13082.0000 13055.0000 13089.0000 
201.8000 13273.0000 13273.0000 13175.0000 12924.0000 13134.0000 13047.0000 13268.0000 13234.0000 
202.0000 13225.0000 12941.0000 13097.0000 12981.0000 13103.0000 13085.0000 13093.0000 13067.0000 
202.2000 13145.0000 13145.0000 13081.0000 12996.0000 13182.0000 13073.0000 13015.0000 13084.0000 
202.4000 13211.0000 12892.0000 13072.0000 12903.0000 13109.0000 13101.0000 12891.0000 13004.0000 
202.6000 13223.0000 13016.0000 13090.0000 13039.0000 13295.0000 12975.0000 13154.0000 13027.0000 
202.8000 13213.0000 13159.0000 13027.0000 13001.0000 13095.0000 13185.0000 13075.0000 13042.0000 
203.0000 13160.0000 13173.0000 13080.0000 13035.0000 13109.0000 12960.0000 13071.0000 13126.0000 
203.2000 13177.0000 13305.0000 13213.0000 13127.0000 13112.0000 13167.0000 13276.0000 13015.0000 
203.4000 13272.0000 13123.0000 13271.0000 13068.0000 13176.0000 13295.0000 13256.0000 13149.0000 
203.6000 13390.0000 13143.0000 13224.0000 13129.0000 13072.0000 13088.0000 13370.0000 13266.0000 
203.8000 13389.0000 13180.0000 13230.0000 13134.0000 13113.0000 13257.0000 13247.0000 13335.0000 
204.0000 13376.0000 13291.0000 13240.0000 13219.0000 13261.0000 13301.0000 13464.0000 13414.0000 
204.2000 13380.0000 13225.0000 13241.0000 13280.0000 13232.0000 13128.0000 13282.0000 13320.0000 
204.4000 13316.0000 13440.0000 13190.0000 13239.0000 13353.0000 13059.0000 13538.0000 13354.0000 
204.6000 13447.0000 13364.0000 13337.0000 13427.0000 13364.0000 13302.0000 13532.0000 13421.0000 


